0:834666527 834732063 834797598 834863132 834928666 834994199 835059732 835125265 835190799 835256332 835321866 835387400 835452934 835518469 835584004 835649539 835715074 835780610 835846146 835911681 835977217 836042753 836108289 835453953 835519489 835585025 835650561 835716098 835781634 835847170 835912707 835978244 836043781 836109318 836174856 836240394 836305932 836371471 836437009 836502548 836568087 834668570 834734108 834799646 834865183 
1:834666527 834732063 834797599 834863134 834928668 834994202 835059735 835125268 835190801 835256335 835321868 835387402 835452936 835518470 835584005 835649540 835715075 835780610 835846146 835911682 835977217 836042753 836108289 836173825 835519489 835585025 835650561 835716097 835781634 835847170 835912706 835978243 836043780 836109317 836174854 836240392 836305930 836371468 836437007 836502545 836568084 834668567 834734106 834799644 834865182 
2:834666526 834732063 834797599 834863135 834928670 834994204 835059738 835125271 835190804 835256337 835321871 835387404 835452938 835518472 835584006 835649541 835715076 835780611 835846146 835911682 835977218 836042753 836108289 836173825 836239361 835585025 835650561 835716097 835781633 835847170 835912706 835978242 836043779 836109316 836174853 836240390 836305928 836371466 836437004 836502543 836568081 834668564 834734103 834799642 834865180 
3:834666524 834732062 834797599 834863135 834928671 834994206 835059740 835125274 835190807 835256340 835321873 835387407 835452940 835518474 835584008 835649542 835715077 835780612 835846147 835911682 835977218 836042754 836108289 836173825 836239361 836304897 835650561 835716097 835781633 835847169 835912706 835978242 836043778 836109315 836174852 836240389 836305926 836371464 836437002 836502540 836568079 834668561 834734100 834799639 834865178 
4:834666522 834732060 834797598 834863135 834928671 834994207 835059742 835125276 835190810 835256343 835321876 835387409 835452943 835518476 835584010 835649544 835715078 835780613 835846148 835911683 835977218 836042754 836108290 836173825 836239361 836304897 836370433 835716097 835781633 835847169 835912705 835978242 836043778 836109314 836174851 836240388 836305925 836371462 836437000 836502538 836568076 834668559 834734097 834799636 834865175 
5:834666519 834732058 834797596 834863134 834928671 834994207 835059743 835125278 835190812 835256346 835321879 835387412 835452945 835518479 835584012 835649546 835715080 835780614 835846149 835911684 835977219 836042754 836108290 836173826 836239361 836304897 836370433 836435969 835781633 835847169 835912705 835978241 836043778 836109314 836174850 836240387 836305924 836371461 836436998 836502536 836568074 834668556 834734095 834799633 834865172 
6:834666516 834732055 834797594 834863132 834928670 834994207 835059743 835125279 835190814 835256348 835321882 835387415 835452948 835518481 835584015 835649548 835715082 835780616 835846150 835911685 835977220 836042755 836108290 836173826 836239362 836304897 836370433 836435969 836501505 835847169 835912705 835978241 836043777 836109314 836174850 836240386 836305923 836371460 836436997 836502534 836568072 834668554 834734092 834799631 834865169 
7:834666513 834732052 834797591 834863130 834928668 834994206 835059743 835125279 835190815 835256350 835321884 835387418 835452951 835518484 835584017 835649551 835715084 835780618 835846152 835911686 835977221 836042756 836108291 836173826 836239362 836304898 836370433 836435969 836501505 836567041 835912705 835978241 836043777 836109313 836174850 836240386 836305922 836371459 836436996 836502533 836568070 834668552 834734090 834799628 834865167 
8:834666511 834732049 834797588 834863127 834928666 834994204 835059742 835125279 835190815 835256351 835321886 835387420 835452954 835518487 835584020 835649553 835715087 835780620 835846154 835911688 835977222 836042757 836108292 836173827 836239362 836304898 836370434 836435969 836501505 836567041 834667521 835978241 836043777 836109313 836174849 836240386 836305922 836371458 836436995 836502532 836568069 834668550 834734088 834799626 834865164 
9:834666508 834732047 834797585 834863124 834928663 834994202 835059740 835125278 835190815 835256351 835321887 835387422 835452956 835518490 835584023 835649556 835715089 835780623 835846156 835911690 835977224 836042758 836108293 836173828 836239363 836304898 836370434 836435970 836501505 836567041 834667521 834733057 836043777 836109313 836174849 836240385 836305922 836371458 836436994 836502531 836568068 834668549 834734086 834799624 834865162 
10:834666506 834732044 834797583 834863121 834928660 834994199 835059738 835125276 835190814 835256351 835321887 835387423 835452958 835518492 835584026 835649559 835715092 835780625 835846159 835911692 835977226 836042760 836108294 836173829 836239364 836304899 836370434 836435970 836501506 836567041 834667521 834733057 834798593 836109313 836174849 836240385 836305921 836371458 836436994 836502530 836568067 834668548 834734085 834799622 834865160 
11:834666504 834732042 834797580 834863119 834928657 834994196 835059735 835125274 835190812 835256350 835321887 835387423 835452959 835518494 835584028 835649562 835715095 835780628 835846161 835911695 835977228 836042762 836108296 836173830 836239365 836304900 836370435 836435970 836501506 836567042 834667521 834733057 834798593 834864129 836174849 836240385 836305921 836371457 836436994 836502530 836568066 834668547 834734084 834799621 834865158 
12:834666502 834732040 834797578 834863116 834928655 834994193 835059732 835125271 835190810 835256348 835321886 835387423 835452959 835518495 835584030 835649564 835715098 835780631 835846164 835911697 835977231 836042764 836108298 836173832 836239366 836304901 836370436 836435971 836501506 836567042 834667522 834733057 834798593 834864129 834929665 836240385 836305921 836371457 836436993 836502530 836568066 834668546 834734083 834799620 834865157 
13:834666501 834732038 834797576 834863114 834928652 834994191 835059729 835125268 835190807 835256346 835321884 835387422 835452959 835518495 835584031 835649566 835715100 835780634 835846167 835911700 835977233 836042767 836108300 836173834 836239368 836304902 836370437 836435972 836501507 836567042 834667522 834733058 834798593 834864129 834929665 834995201 836305921 836371457 836436993 836502529 836568066 834668546 834734082 834799619 834865156 
14:834666500 834732037 834797574 834863112 834928650 834994188 835059727 835125265 835190804 835256343 835321882 835387420 835452958 835518495 835584031 835649567 835715102 835780636 835846170 835911703 835977236 836042769 836108303 836173836 836239370 836304904 836370438 836435973 836501508 836567043 834667522 834733058 834798594 834864129 834929665 834995201 835060737 836371457 836436993 836502529 836568065 834668546 834734082 834799618 834865155 
15:834666499 834732036 834797573 834863110 834928648 834994186 835059724 835125263 835190801 835256340 835321879 835387418 835452956 835518494 835584031 835649567 835715103 835780638 835846172 835911706 835977239 836042772 836108305 836173839 836239372 836304906 836370440 836435974 836501509 836567044 834667523 834733058 834798594 834864130 834929665 834995201 835060737 835126273 836436993 836502529 836568065 834668545 834734082 834799618 834865154 
16:834666498 834732035 834797572 834863109 834928646 834994184 835059722 835125260 835190799 835256337 835321876 835387415 835452954 835518492 835584030 835649567 835715103 835780639 835846174 835911708 835977242 836042775 836108308 836173841 836239375 836304908 836370442 836435976 836501510 836567045 834667524 834733059 834798594 834864130 834929666 834995201 835060737 835126273 835191809 836502529 836568065 834668545 834734081 834799618 834865154 
17:834666498 834732034 834797571 834863108 834928645 834994182 835059720 835125258 835190796 835256335 835321873 835387412 835452951 835518490 835584028 835649566 835715103 835780639 835846175 835911710 835977244 836042778 836108311 836173844 836239377 836304911 836370444 836435978 836501512 836567046 834667525 834733060 834798595 834864130 834929666 834995202 835060737 835126273 835191809 835257345 836568065 834668545 834734081 834799617 834865154 
18:834666498 834732034 834797570 834863107 834928644 834994181 835059718 835125256 835190794 835256332 835321871 835387409 835452948 835518487 835584026 835649564 835715102 835780639 835846175 835911711 835977246 836042780 836108314 836173847 836239380 836304913 836370447 836435980 836501514 836567048 834667526 834733061 834798596 834864131 834929666 834995202 835060738 835126273 835191809 835257345 835322881 834668545 834734081 834799617 834865153 
19:834666497 834732034 834797570 834863106 834928643 834994180 835059717 835125254 835190792 835256330 835321868 835387407 835452945 835518484 835584023 835649562 835715100 835780638 835846175 835911711 835977247 836042782 836108316 836173850 836239383 836304916 836370449 836435983 836501516 836567050 834667528 834733062 834798597 834864132 834929667 834995202 835060738 835126274 835191809 835257345 835322881 835388417 834734081 834799617 834865153 
20:834666497 834732033 834797570 834863106 834928642 834994179 835059716 835125253 835190790 835256328 835321866 835387404 835452943 835518481 835584020 835649559 835715098 835780636 835846174 835911711 835977247 836042783 836108318 836173852 836239386 836304919 836370452 836435985 836501519 836567052 834667530 834733064 834798598 834864133 834929668 834995203 835060738 835126274 835191810 835257345 835322881 835388417 835453953 834799617 834865153 
21:834666497 834732033 834797569 834863106 834928642 834994178 835059715 835125252 835190789 835256326 835321864 835387402 835452940 835518479 835584017 835649556 835715095 835780634 835846172 835911710 835977247 836042783 836108319 836173854 836239388 836304922 836370455 836435988 836501521 836567055 834667532 834733066 834798600 834864134 834929669 834995204 835060739 835126274 835191810 835257346 835322881 835388417 835453953 835519489 834865153 
22:834666497 834732033 834797569 834863105 834928642 834994178 835059714 835125251 835190788 835256325 835321862 835387400 835452938 835518476 835584015 835649553 835715092 835780631 835846170 835911708 835977246 836042783 836108319 836173855 836239390 836304924 836370458 836435991 836501524 836567057 834667535 834733068 834798602 834864136 834929670 834995205 835060740 835126275 835191810 835257346 835322882 835388417 835453953 835519489 835585025 
23:834732033 834797569 834863105 834928641 834994178 835059714 835125250 835190787 835256324 835321861 835387398 835452936 835518474 835584012 835649551 835715089 835780628 835846167 835911706 835977244 836042782 836108319 836173855 836239391 836304926 836370460 836435994 836501527 836567060 834667537 834733071 834798604 834864138 834929672 834995206 835060741 835126276 835191811 835257346 835322882 835388418 835453953 835519489 835585025 835650561 
24:834797569 834863105 834928641 834994177 835059714 835125250 835190786 835256323 835321860 835387397 835452934 835518472 835584010 835649548 835715087 835780625 835846164 835911703 835977242 836042780 836108318 836173855 836239391 836304927 836370462 836435996 836501530 836567063 834667540 834733073 834798607 834864140 834929674 834995208 835060742 835126277 835191812 835257347 835322882 835388418 835453954 835519489 835585025 835650561 835716097 
25:834863105 834928641 834994177 835059713 835125250 835190786 835256322 835321859 835387396 835452933 835518470 835584008 835649546 835715084 835780623 835846161 835911700 835977239 836042778 836108316 836173854 836239391 836304927 836370463 836435998 836501532 836567066 834667543 834733076 834798609 834864143 834929676 834995210 835060744 835126278 835191813 835257348 835322883 835388418 835453954 835519490 835585025 835650561 835716097 835781633 
26:834928641 834994177 835059713 835125249 835190786 835256322 835321858 835387395 835452932 835518469 835584006 835649544 835715082 835780620 835846159 835911697 835977236 836042775 836108314 836173852 836239390 836304927 836370463 836435999 836501534 836567068 834667546 834733079 834798612 834864145 834929679 834995212 835060746 835126280 835191814 835257349 835322884 835388419 835453954 835519490 835585026 835650561 835716097 835781633 835847169 
27:834994177 835059713 835125249 835190785 835256322 835321858 835387394 835452931 835518468 835584005 835649542 835715080 835780618 835846156 835911695 835977233 836042772 836108311 836173850 836239388 836304926 836370463 836435999 836501535 836567070 834667548 834733082 834798615 834864148 834929681 834995215 835060748 835126282 835191816 835257350 835322885 835388420 835453955 835519490 835585026 835650562 835716097 835781633 835847169 835912705 
28:835059713 835125249 835190785 835256321 835321858 835387394 835452930 835518467 835584004 835649541 835715078 835780616 835846154 835911692 835977231 836042769 836108308 836173847 836239386 836304924 836370462 836435999 836501535 836567071 834667550 834733084 834798618 834864151 834929684 834995217 835060751 835126284 835191818 835257352 835322886 835388421 835453956 835519491 835585026 835650562 835716098 835781633 835847169 835912705 835978241 
29:835125249 835190785 835256321 835321857 835387394 835452930 835518466 835584003 835649540 835715077 835780614 835846152 835911690 835977228 836042767 836108305 836173844 836239383 836304922 836370460 836435998 836501535 836567071 834667551 834733086 834798620 834864154 834929687 834995220 835060753 835126287 835191820 835257354 835322888 835388422 835453957 835519492 835585027 835650562 835716098 835781634 835847169 835912705 835978241 836043777 
30:835190785 835256321 835321857 835387393 835452930 835518466 835584002 835649539 835715076 835780613 835846150 835911688 835977226 836042764 836108303 836173841 836239380 836304919 836370458 836435996 836501534 836567071 834667551 834733087 834798622 834864156 834929690 834995223 835060756 835126289 835191823 835257356 835322890 835388424 835453958 835519493 835585028 835650563 835716098 835781634 835847170 835912705 835978241 836043777 836109313 
31:835256321 835321857 835387393 835452929 835518466 835584002 835649538 835715075 835780612 835846149 835911686 835977224 836042762 836108300 836173839 836239377 836304916 836370455 836435994 836501532 836567070 834667551 834733087 834798623 834864158 834929692 834995226 835060759 835126292 835191825 835257359 835322892 835388426 835453960 835519494 835585029 835650564 835716099 835781634 835847170 835912706 835978241 836043777 836109313 836174849 
32:835321857 835387393 835452929 835518465 835584002 835649538 835715074 835780611 835846148 835911685 835977222 836042760 836108298 836173836 836239375 836304913 836370452 836435991 836501530 836567068 834667550 834733087 834798623 834864159 834929694 834995228 835060762 835126295 835191828 835257361 835322895 835388428 835453962 835519496 835585030 835650565 835716100 835781635 835847170 835912706 835978242 836043777 836109313 836174849 836240385 
33:835387393 835452929 835518465 835584001 835649538 835715074 835780610 835846147 835911684 835977221 836042758 836108296 836173834 836239372 836304911 836370449 836435988 836501527 836567066 834667548 834733086 834798623 834864159 834929695 834995230 835060764 835126298 835191831 835257364 835322897 835388431 835453964 835519498 835585032 835650566 835716101 835781636 835847171 835912706 835978242 836043778 836109313 836174849 836240385 836305921 
34:835452929 835518465 835584001 835649537 835715074 835780610 835846146 835911683 835977220 836042757 836108294 836173832 836239370 836304908 836370447 836435985 836501524 836567063 834667546 834733084 834798622 834864159 834929695 834995231 835060766 835126300 835191834 835257367 835322900 835388433 835453967 835519500 835585034 835650568 835716102 835781637 835847172 835912707 835978242 836043778 836109314 836174849 836240385 836305921 836371457 
35:835518465 835584001 835649537 835715073 835780610 835846146 835911682 835977219 836042756 836108293 836173830 836239368 836304906 836370444 836435983 836501521 836567060 834667543 834733082 834798620 834864158 834929695 834995231 835060767 835126302 835191836 835257370 835322903 835388436 835453969 835519503 835585036 835650570 835716104 835781638 835847173 835912708 835978243 836043778 836109314 836174850 836240385 836305921 836371457 836436993 
36:835584001 835649537 835715073 835780609 835846146 835911682 835977218 836042755 836108292 836173829 836239366 836304904 836370442 836435980 836501519 836567057 834667540 834733079 834798618 834864156 834929694 834995231 835060767 835126303 835191838 835257372 835322906 835388439 835453972 835519505 835585039 835650572 835716106 835781640 835847174 835912709 835978244 836043779 836109314 836174850 836240386 836305921 836371457 836436993 836502529 
37:835649537 835715073 835780609 835846145 835911682 835977218 836042754 836108291 836173828 836239365 836304902 836370440 836435978 836501516 836567055 834667537 834733076 834798615 834864154 834929692 834995230 835060767 835126303 835191839 835257374 835322908 835388442 835453975 835519508 835585041 835650575 835716108 835781642 835847176 835912710 835978245 836043780 836109315 836174850 836240386 836305922 836371457 836436993 836502529 836568065 
38:835715073 835780609 835846145 835911681 835977218 836042754 836108290 836173827 836239364 836304901 836370438 836435976 836501514 836567052 834667535 834733073 834798612 834864151 834929690 834995228 835060766 835126303 835191839 835257375 835322910 835388444 835453978 835519511 835585044 835650577 835716111 835781644 835847178 835912712 835978246 836043781 836109316 836174851 836240386 836305922 836371458 836436993 836502529 836568065 834668545 
39:835780609 835846145 835911681 835977217 836042754 836108290 836173826 836239363 836304900 836370437 836435974 836501512 836567050 834667532 834733071 834798609 834864148 834929687 834995226 835060764 835126302 835191839 835257375 835322911 835388446 835453980 835519514 835585047 835650580 835716113 835781647 835847180 835912714 835978248 836043782 836109317 836174852 836240387 836305922 836371458 836436994 836502529 836568065 834668545 834734081 
40:835846145 835911681 835977217 836042753 836108290 836173826 836239362 836304899 836370436 836435973 836501510 836567048 834667530 834733068 834798607 834864145 834929684 834995223 835060762 835126300 835191838 835257375 835322911 835388447 835453982 835519516 835585050 835650583 835716116 835781649 835847183 835912716 835978250 836043784 836109318 836174853 836240388 836305923 836371458 836436994 836502530 836568065 834668545 834734081 834799617 
41:835911681 835977217 836042753 836108289 836173826 836239362 836304898 836370435 836435972 836501509 836567046 834667528 834733066 834798604 834864143 834929681 834995220 835060759 835126298 835191836 835257374 835322911 835388447 835453983 835519518 835585052 835650586 835716119 835781652 835847185 835912719 835978252 836043786 836109320 836174854 836240389 836305924 836371459 836436994 836502530 836568066 834668545 834734081 834799617 834865153 
42:834666497 835977217 836042753 836108289 836173825 836239362 836304898 836370434 836435971 836501508 836567045 834667526 834733064 834798602 834864140 834929679 834995217 835060756 835126295 835191834 835257372 835322910 835388447 835453983 835519519 835585054 835650588 835716122 835781655 835847188 835912721 835978255 836043788 836109322 836174856 836240390 836305925 836371460 836436995 836502530 836568066 834668546 834734081 834799617 834865153 
43:834666497 834732033 836042753 836108289 836173825 836239361 836304898 836370434 836435970 836501507 836567044 834667525 834733062 834798600 834864138 834929676 834995215 835060753 835126292 835191831 835257370 835322908 835388446 835453983 835519519 835585055 835650590 835716124 835781658 835847191 835912724 835978257 836043791 836109324 836174858 836240392 836305926 836371461 836436996 836502531 836568066 834668546 834734082 834799617 834865153 
44:834666497 834732033 834797569 836108289 836173825 836239361 836304897 836370434 836435970 836501506 836567043 834667524 834733061 834798598 834864136 834929674 834995212 835060751 835126289 835191828 835257367 835322906 835388444 835453982 835519519 835585055 835650591 835716126 835781660 835847194 835912727 835978260 836043793 836109327 836174860 836240394 836305928 836371462 836436997 836502532 836568067 834668546 834734082 834799618 834865153 
45:834666497 834732033 834797569 834863105 836173825 836239361 836304897 836370433 836435970 836501506 836567042 834667523 834733060 834798597 834864134 834929672 834995210 835060748 835126287 835191825 835257364 835322903 835388442 835453980 835519518 835585055 835650591 835716127 835781662 835847196 835912730 835978263 836043796 836109329 836174863 836240396 836305930 836371464 836436998 836502533 836568068 834668547 834734082 834799618 834865154 
46:834666498 834732033 834797569 834863105 834928641 836239361 836304897 836370433 836435969 836501506 836567042 834667522 834733059 834798596 834864133 834929670 834995208 835060746 835126284 835191823 835257361 835322900 835388439 835453978 835519516 835585054 835650591 835716127 835781663 835847198 835912732 835978266 836043799 836109332 836174865 836240399 836305932 836371466 836437000 836502534 836568069 834668548 834734083 834799618 834865154 
47:834666498 834732034 834797569 834863105 834928641 834994177 836304897 836370433 836435969 836501505 836567042 834667522 834733058 834798595 834864132 834929669 834995206 835060744 835126282 835191820 835257359 835322897 835388436 835453975 835519514 835585052 835650590 835716127 835781663 835847199 835912734 835978268 836043802 836109335 836174868 836240401 836305935 836371468 836437002 836502536 836568070 834668549 834734084 834799619 834865154 
48:834666498 834732034 834797570 834863105 834928641 834994177 835059713 836370433 836435969 836501505 836567041 834667522 834733058 834798594 834864131 834929668 834995205 835060742 835126280 835191818 835257356 835322895 835388433 835453972 835519511 835585050 835650588 835716126 835781663 835847199 835912735 835978270 836043804 836109338 836174871 836240404 836305937 836371471 836437004 836502538 836568072 834668550 834734085 834799620 834865155 
49:834666499 834732034 834797570 834863106 834928641 834994177 835059713 835125249 836435969 836501505 836567041 834667521 834733058 834798594 834864130 834929667 834995204 835060741 835126278 835191816 835257354 835322892 835388431 835453969 835519508 835585047 835650586 835716124 835781662 835847199 835912735 835978271 836043806 836109340 836174874 836240407 836305940 836371473 836437007 836502540 836568074 834668552 834734086 834799621 834865156 
50:834666500 834732035 834797570 834863106 834928642 834994177 835059713 835125249 835190785 836501505 836567041 834667521 834733057 834798594 834864130 834929666 834995203 835060740 835126277 835191814 835257352 835322890 835388428 835453967 835519505 835585044 835650583 835716122 835781660 835847198 835912735 835978271 836043807 836109342 836174876 836240410 836305943 836371476 836437009 836502543 836568076 834668554 834734088 834799622 834865157 
51:834666501 834732036 834797571 834863106 834928642 834994178 835059713 835125249 835190785 835256321 836567041 834667521 834733057 834798593 834864130 834929666 834995202 835060739 835126276 835191813 835257350 835322888 835388426 835453964 835519503 835585041 835650580 835716119 835781658 835847196 835912734 835978271 836043807 836109343 836174878 836240412 836305946 836371479 836437012 836502545 836568079 834668556 834734090 834799624 834865158 
52:834666502 834732037 834797572 834863107 834928642 834994178 835059714 835125249 835190785 835256321 835321857 834667521 834733057 834798593 834864129 834929666 834995202 835060738 835126275 835191812 835257349 835322886 835388424 835453962 835519500 835585039 835650577 835716116 835781655 835847194 835912732 835978270 836043807 836109343 836174879 836240414 836305948 836371482 836437015 836502548 836568081 834668559 834734092 834799626 834865160 
53:834666504 834732038 834797573 834863108 834928643 834994178 835059714 835125250 835190785 835256321 835321857 835387393 834733057 834798593 834864129 834929665 834995202 835060738 835126274 835191811 835257348 835322885 835388422 835453960 835519498 835585036 835650575 835716113 835781652 835847191 835912730 835978268 836043806 836109343 836174879 836240415 836305950 836371484 836437018 836502551 836568084 834668561 834734095 834799628 834865162 
54:834666506 834732040 834797574 834863109 834928644 834994179 835059714 835125250 835190786 835256321 835321857 835387393 835452929 834798593 834864129 834929665 834995201 835060738 835126274 835191810 835257347 835322884 835388421 835453958 835519496 835585034 835650572 835716111 835781649 835847188 835912727 835978266 836043804 836109342 836174879 836240415 836305951 836371486 836437020 836502554 836568087 834668564 834734097 834799631 834865164 
55:834666508 834732042 834797576 834863110 834928645 834994180 835059715 835125250 835190786 835256322 835321857 835387393 835452929 835518465 834864129 834929665 834995201 835060737 835126274 835191810 835257346 835322883 835388420 835453957 835519494 835585032 835650570 835716108 835781647 835847185 835912724 835978263 836043802 836109340 836174878 836240415 836305951 836371487 836437022 836502556 836568090 834668567 834734100 834799633 834865167 
56:834666511 834732044 834797578 834863112 834928646 834994181 835059716 835125251 835190786 835256322 835321858 835387393 835452929 835518465 835584001 834929665 834995201 835060737 835126273 835191810 835257346 835322882 835388419 835453956 835519493 835585030 835650568 835716106 835781644 835847183 835912721 835978260 836043799 836109338 836174876 836240414 836305951 836371487 836437023 836502558 836568092 834668570 834734103 834799636 834865169 
57:834666513 834732047 834797580 834863114 834928648 834994182 835059717 835125252 835190787 835256322 835321858 835387394 835452929 835518465 835584001 835649537 834995201 835060737 835126273 835191809 835257346 835322882 835388418 835453955 835519492 835585029 835650566 835716104 835781642 835847180 835912719 835978257 836043796 836109335 836174874 836240412 836305950 836371487 836437023 836502559 836568094 834668572 834734106 834799639 834865172 
58:834666516 834732049 834797583 834863116 834928650 834994184 835059718 835125253 835190788 835256323 835321858 835387394 835452930 835518465 835584001 835649537 835715073 835060737 835126273 835191809 835257345 835322882 835388418 835453954 835519491 835585028 835650565 835716102 835781640 835847178 835912716 835978255 836043793 836109332 836174871 836240410 836305948 836371486 836437023 836502559 836568095 834668574 834734108 834799642 834865175 
59:834666519 834732052 834797585 834863119 834928652 834994186 835059720 835125254 835190789 835256324 835321859 835387394 835452930 835518466 835584001 835649537 835715073 835780609 835126273 835191809 835257345 835322881 835388418 835453954 835519490 835585027 835650564 835716101 835781638 835847176 835912714 835978252 836043791 836109329 836174868 836240407 836305946 836371484 836437022 836502559 836568095 834668575 834734110 834799644 834865178 
60:834666522 834732055 834797588 834863121 834928655 834994188 835059722 835125256 835190790 835256325 835321860 835387395 835452930 835518466 835584002 835649537 835715073 835780609 835846145 835191809 835257345 835322881 835388417 835453954 835519490 835585026 835650563 835716100 835781637 835847174 835912712 835978250 836043788 836109327 836174865 836240404 836305943 836371482 836437020 836502558 836568095 834668575 834734111 834799646 834865180 
61:834666524 834732058 834797591 834863124 834928657 834994191 835059724 835125258 835190792 835256326 835321861 835387396 835452931 835518466 835584002 835649538 835715073 835780609 835846145 835911681 835257345 835322881 835388417 835453953 835519490 835585026 835650562 835716099 835781636 835847173 835912710 835978248 836043786 836109324 836174863 836240401 836305940 836371479 836437018 836502556 836568094 834668575 834734111 834799647 834865182 
62:834666526 834732060 834797594 834863127 834928660 834994193 835059727 835125260 835190794 835256328 835321862 835387397 835452932 835518467 835584002 835649538 835715074 835780609 835846145 835911681 835977217 835322881 835388417 835453953 835519489 835585026 835650562 835716098 835781635 835847172 835912709 835978246 836043784 836109322 836174860 836240399 836305937 836371476 836437015 836502554 836568092 834668574 834734111 834799647 834865183 
63:834666527 834732062 834797596 834863130 834928663 834994196 835059729 835125263 835190796 835256330 835321864 835387398 835452933 835518468 835584003 835649538 835715074 835780610 835846145 835911681 835977217 836042753 835388417 835453953 835519489 835585025 835650562 835716098 835781634 835847171 835912708 835978245 836043782 836109320 836174858 836240396 836305935 836371473 836437012 836502551 836568090 834668572 834734110 834799647 834865183 