1 26 0 6 1025
0 29 0 6 2817
1 22 0 6 4609
0 20 0 6 6657
0 2 1 7 4097
1 23 1 7 4609
1 26 0 7 5121
0 21 0 7 6145
1 16 1 0 7938
2 1 1 1 258
0 29 0 1 1282
0 17 1 2 4866
0 21 0 2 6658
0 18 0 3 258
1 22 0 3 514
0 29 0 3 4098
1 23 0 3 6146
1 28 0 4 2
0 14 0 4 1794
0 28 0 4 5634
1 20 0 5 6146
0 22 0 6 770
1 25 0 6 2818
0 17 1 0 515
0 16 0 1 2819
0 27 0 2 4355
0 25 0 5 4099
1 25 0 6 2051
0 2 1 3 5395
1 23 1 3 5907
0 2 1 3 6163
1 24 1 3 6675
2 1 1 3 6931
1 25 1 3 7443
1 26 1 4 275
0 2 1 4 531
1 27 1 4 1043
1 28 1 4 2067
1 29 1 4 2835
0 2 1 4 3091
2 2 1 4 3603
2 2 1 4 4627
2 3 1 4 6163
1 2 1 5 5651
0 8 1 5 5907
0 10 1 5 7699
0 11 1 6 275
1 1 1 6 787
0 12 1 6 1043
0 13 1 6 1811
0 14 1 6 2835
0 15 1 6 3603
0 16 1 6 4371
1 1 1 6 4883
0 17 1 6 5395
1 0 1 6 5651
0 18 1 6 6163
0 19 1 6 6931
0 20 1 6 7699
0 21 1 7 531
0 22 1 7 1299
1 1 1 7 1555
0 23 1 7 2067
1 0 1 7 2323
0 24 1 7 2835
0 25 1 7 3859
0 26 1 7 4627
0 27 1 7 5395
0 28 1 7 6163
1 2 1 7 6419
0 29 1 7 7187
1 11 1 0 7188
1 12 1 1 20
1 13 1 1 788
0 2 1 1 1300
1 14 1 1 1556
1 15 1 1 2580
2 2 1 1 3092
1 16 1 1 3604
1 16 1 1 4372
1 17 1 1 5140
0 2 1 1 5652
1 18 1 1 6164
2 1 1 1 6420
1 19 1 1 6932
1 20 1 1 7700
1 21 1 2 532
1 22 1 2 1300
12 14 1 0 3353
