0:835781634 835584004 835519489 834732063 836109318 836042753 835190799 834734108 834666527 835059732 836108289 835978244 836240394 835911681 836174856 835453953 835125265 834668570 836437009 834799646 835387400 836568087 835321866 836043781 835716098 835585025 836502548 836371471 835256332 835715074 835452934 835847170 835780610 835912707 834797598 836305932 835977217 835846146 834928666 835650561 834994199 834863132 835649539 835518469 834865183 
1:834799644 835585025 834734106 834928668 834668567 836371468 836437007 834863134 835716097 835911682 835780610 835518470 834994202 836174854 835256335 834797599 835125268 835912706 834732063 836173825 835715075 835190801 835059735 836240392 836043780 835977217 836305930 836108289 835387402 835649540 835584005 835781634 835650561 835846146 835847170 836568084 835452936 835978243 835321868 834865182 836109317 834666527 835519489 836502545 836042753 
2:834734103 835256337 835125271 835585025 835518472 834797599 835584006 835715076 836437004 834928670 836568081 835452938 834799642 836174853 836305928 836043779 835781633 834865180 834668564 836042753 834994204 835846146 836502543 835716097 835780611 834863135 835847170 835911682 835387404 835649541 834732063 835912706 835321871 836109316 835978242 836239361 835190804 836240390 836108289 835977218 836173825 835650561 835059738 836371466 834666526 
3:836304897 836042754 834668561 835650561 835584008 836174852 836108289 835780612 835190807 836239361 836305926 834994206 835911682 835978242 835125274 835846147 835452940 835387407 836109315 836437002 834666524 835847169 836371464 835716097 834799639 835715077 836173825 835321873 836240389 834863135 836502540 835518474 834797599 836043778 834865178 834928671 834734100 834732062 835059740 836568079 835781633 835912706 835649542 835977218 835256340 
4:835780613 836109314 834734097 836568076 836042754 835977218 835716097 835387409 835256343 836437000 835649544 836370433 836173825 835847169 836239361 834994207 836305925 836043778 836304897 835518476 834666522 834668559 835190810 835911683 836174851 836502538 836240388 835125276 834799636 834732060 835321876 835846148 836371462 835452943 836108290 835912705 835059742 834865175 834797598 834863135 835978242 835715078 835781633 835584010 834928671 
5:836370433 836240387 835584012 836568074 835125278 835780614 835387412 836173826 836435969 836305924 835781633 834799633 834797596 834863134 835847169 835190812 835518479 835911684 836043778 834865172 836304897 836239361 834928671 836371461 836174850 835978241 835715080 836109314 834666519 835256346 834732058 836502536 834734095 835846149 836108290 835321879 835452945 835059743 835649546 835977219 836436998 836042754 835912705 834994207 834668556 
6:835059743 836240386 835321882 836305923 836108290 834865169 835649548 834668554 834732055 834994207 835912705 836436997 834734092 836042755 835518481 835190814 836370433 835125279 836239362 835715082 834797594 835256348 835978241 835846150 836501505 836502534 836371460 835911685 834928670 834666516 834863132 836568072 836173826 835387415 835847169 836304897 834799631 835452948 835584015 836043777 835977220 836174850 836109314 835780616 836435969 
7:835321884 836370433 834734090 835387418 835846152 835518484 836043777 836304898 834732052 835912705 836240386 835256350 835715084 834797591 835190815 836502533 835059743 836436996 836501505 835649551 836239362 834865167 834863130 836305922 836435969 835584017 836173826 836174850 834668552 836371459 836567041 834666513 836108291 835911686 835125279 836568070 835978241 834799628 835977221 836042756 836109313 834928668 835452951 835780618 834994206 
8:836370434 836043777 834799626 835321886 836239362 835978241 834994204 835452954 835911688 835977222 834668550 836567041 836042757 836435969 835715087 835518487 836436995 836305922 835780620 836108292 836173827 836240386 834734088 836371458 834928666 835125279 835846154 836304898 835059742 835190815 834865164 835649553 834667521 836501505 836568069 836174849 834863127 835387420 836502532 834666511 835256351 834732049 835584020 836109313 834797588 
9:834863124 835059740 835780623 835387422 836568068 834733057 836371458 835518490 834666508 834865162 835977224 835584023 835256351 834734086 836305922 836109313 835911690 836370434 834668549 835452956 836436994 835649556 834732047 834799624 834928663 834667521 836502531 835321887 834797585 834994202 836174849 835846156 835190815 836173828 835715089 836239363 836043777 836567041 836501505 836435970 836042758 836240385 835125278 836108293 836304898 
10:835911692 836370434 834734085 836304899 834732044 834667521 835518492 834797583 836501506 836240385 836173829 834666506 834668548 836174849 835125276 834994199 835321887 836109313 836435970 835715092 835387423 834863121 835256351 836305921 836042760 836567041 835780625 836239364 836371458 835452958 836108294 836568067 836502530 834798593 834928660 835846159 834799622 835649559 835059738 836436994 835190814 834865160 835977226 835584026 834733057 
11:834798593 835059735 835649562 836501506 835911695 834668547 836042762 835452959 834733057 835518494 836108296 834994196 834667521 834864129 836502530 834732042 834734084 835780628 835125274 836239365 834799621 836567042 834928657 835584028 834666504 836435970 835715095 836371457 836370435 836304900 836305921 835321887 836436994 835256350 836174849 835387423 836173830 835846161 834797580 835190812 836568066 835977228 834863119 834865158 836240385 
12:835780631 835715098 834864129 834798593 834734083 834929665 836501506 836371457 834799620 836436993 835387423 834863116 835518495 835190810 836370436 836435971 834668546 836173832 834666502 834865157 836304901 834667522 835584030 834994193 836568066 835846164 834928655 834733057 836239366 835256348 835977231 835125271 836108298 835911697 836042764 834732040 834797578 836305921 836567042 835452959 835321886 835059732 836240385 836502530 835649564 
13:834865156 834863114 836370437 836042767 834666501 836304902 835190807 835452959 835911700 834929665 835649566 834864129 834797576 835059729 835977233 834668546 836371457 835584031 836173834 835846167 835518495 836239368 836501507 836108300 834734082 836567042 834799619 836568066 834798593 835125268 834733058 835715100 836305921 835256346 836436993 835321884 836435972 834667522 834995201 834732038 834994191 836502529 834928652 835780634 835387422 
14:835780636 836108303 834929665 836568065 836501508 834798594 835387420 834865155 834799618 835321882 834732037 836502529 834733058 834668546 835584031 835649567 836370438 834863112 834995201 835715102 834666500 836436993 836435973 835060737 835518495 835977236 836371457 834797574 836042769 836239370 835190804 834734082 835452958 836567043 834864129 834667522 836304904 835846170 835125265 834994188 835911703 835256343 835059727 834928650 836173836 
15:835715103 836239372 834928648 835584031 835126273 834732036 834929665 834798594 836108305 835649567 836567044 836501509 836436993 834734082 836304906 835518494 835059724 834995201 836502529 835060737 835190801 834733058 834865154 835321879 834799618 834994186 835780638 836568065 835387418 835452956 835911706 834667523 836173839 836435974 835256340 834668545 834864130 835125263 834797573 836042772 836370440 834666499 834863110 835846172 835977239 
16:836173841 835256337 834865154 835190799 834666498 835059722 834734081 835649567 836239375 835846174 834928646 835715103 834863109 835518492 835977242 834995201 835125260 835584030 836042775 836435976 834732035 834929666 836370442 834797572 836501510 835126273 836108308 836568065 835321876 835452954 834799618 834668545 834864130 836502529 836304908 836567045 835911708 834798594 834733059 834994184 835387415 835780639 835060737 835191809 834667524 
17:835518490 835125258 835060737 836435978 834668545 834666498 835321873 836304911 835190796 834732034 835977244 836239377 835715103 834865154 834928645 835387412 834994182 836567046 834797571 835846175 836042778 836108311 834863108 835780639 834667525 834799617 835257345 834798595 836370444 834733060 835911710 834929666 835126273 835584028 835649566 834995202 835256335 834864130 836568065 836501512 835059720 836173844 834734081 835191809 835452951 
18:835780639 836173847 835584026 835321871 835846175 835256332 834929666 835649564 835191809 835715102 835322881 834928644 836567048 835190794 836370447 835126273 836501514 834798596 835387409 836108314 835125256 834734081 834797570 834864131 835911711 835977246 834666498 834799617 834668545 836304913 835060738 835518487 834863107 834865153 836435980 834732034 836042780 835257345 834733061 835452948 834667526 834994181 834995202 836239380 835059718 
19:835846175 834733062 835388417 834864132 835126274 836501516 836304916 835452945 836239383 835977247 835257345 835125254 836108316 836042782 835190792 836370449 835322881 834995202 834798597 834667528 835780638 835321868 835256330 836567050 834929667 835059717 834734081 835518484 836435983 834799617 835060738 834994180 834732034 834865153 834863106 835911711 835584023 834928643 835649562 835191809 835387407 835715100 834797570 836173850 834666497 
20:835126274 835649559 834732033 835584020 835322881 835190790 835388417 835715098 835321866 835518481 835977247 834995203 834865153 835059716 836173852 835780636 835060738 835387404 836042783 836304919 834994179 834733064 836370452 834666497 835453953 836501519 834797570 835256328 835452943 834864133 834798598 835191810 834929668 836108318 834863106 836435985 836567052 834799617 836239386 835257345 835125253 835846174 834928642 835911711 834667530 
21:834863106 835387402 835322881 836173854 834864134 834798600 835256326 835452940 835977247 834929669 835321864 835388417 834666497 835846172 836304922 834733066 836239388 834797569 834995204 834994178 834667532 836042783 834865153 835060739 835059715 835453953 835584017 835257346 836501521 835191810 835715095 836435988 834732033 835126274 835125252 835780634 836370455 835519489 835518479 834928642 836567055 835190789 835911710 835649556 836108319 
22:835322882 835191810 835780631 835911708 835453953 834666497 836567057 836239390 835387400 835452938 835518476 836042783 835977246 836370458 834667535 835256325 834929670 834733068 834994178 835060740 834864136 835059714 835584015 835846170 834798602 835649553 835257346 835519489 836304924 835190788 834732033 836501524 836435991 836173855 835321862 835388417 835585025 836108319 834995205 835715092 835125251 834863105 834797569 834928642 835126275 
23:835321861 836108319 835650561 834732033 836042782 835977244 836567060 835846167 836435994 834667537 835059714 835387398 835452936 835715089 835257346 835191811 835649551 836173855 835453953 834929672 836239391 834863105 836304926 835388418 834928641 835190787 835519489 835322882 836370460 834733071 835911706 836501527 834995206 834994178 835585025 835126276 834797569 834864138 835125250 835060741 835584012 835518474 835256324 834798604 835780628 
24:835191812 836239391 835519489 836567063 835780625 835911703 834994177 836173855 835977242 834863105 834929674 835584010 835715087 834864140 834798607 835518472 835846164 835650561 834928641 835453954 835125250 835256323 835190786 835649548 835257347 835585025 834995208 835060742 836501530 834667540 835322882 835059714 834733073 836370462 835716097 834797569 836435996 835321860 836042780 835388418 835387397 836304927 835452934 836108318 835126277 
25:835126278 836435998 835977239 835584008 834994177 834995210 836304927 834864143 834928641 835452933 835846161 835256322 834929676 836042778 836173854 835388418 835649546 834863105 835190786 836239391 835781633 834733076 835519490 835518470 836108316 835322883 835715084 836501532 835650561 835780623 835321859 835453954 835716097 835059713 836370463 835387396 835585025 835060744 834798609 835911700 835191813 836567066 834667543 835125250 835257348 
26:835126280 835125249 836042775 835847169 836304927 835321858 835518469 835190786 836435999 834733079 835781633 835716097 835846159 835519490 835585026 835453954 836108314 835715082 836173852 835977236 835649544 835257349 835387395 835911697 834994177 834928641 835452932 834798612 835388419 835650561 835256322 834995212 834929679 836567068 835322884 836370463 836239390 835780620 835060746 835059713 835191814 834667546 835584006 836501534 834864145 
27:835060748 835321858 835650562 836435999 834798615 835322885 835649542 834994177 835585026 835453955 835257350 835256322 835911695 834667548 835191816 836108311 835977233 834929681 836370463 836239388 835059713 835518468 835126282 835847169 835716097 834733082 835388420 835125249 834864148 835519490 835190785 836567070 835912705 835452931 835584005 836501535 835715080 835780618 836173850 836042772 835781633 835846156 835387394 836304926 834995215 
28:835649541 835977231 835452930 835911692 835060751 836042769 834667550 835716098 835125249 834864151 835650562 835780616 835585026 835190785 835519491 835584004 835191818 836304924 835781633 836567071 835847169 835059713 834929684 835126284 835387394 836108308 835388421 835321858 835256321 835257352 834798618 836501535 835322886 835912705 834733084 836370462 835715078 834995217 835978241 836173847 836239386 836435999 835453956 835518467 835846154 
29:834929687 835649540 835125249 835847169 835519492 835846152 835585027 835452930 836435998 836173844 835190785 835518466 836108305 835388422 835912705 835321857 836370460 835322888 835780614 835257354 834733086 836042767 835191820 835126287 836567071 835453957 835978241 835256321 834798620 835911690 836304922 835584003 836043777 834667551 835781634 835977228 835715077 834864154 836501535 835387394 836239383 834995220 835060753 835650562 835716098 
30:835387393 836435996 835060756 835649539 834798622 835911688 835388424 834864156 834667551 836043777 835978241 835584002 835321857 835452930 835519493 836567071 835190785 835585028 835716098 835650563 835256321 835847170 835191823 835126289 836370458 835453958 835846150 835715076 836304919 835257356 835977226 834995223 835912705 836239380 835781634 836042764 835322890 836109313 836108303 835518466 834929690 836501534 834733087 836173841 835780613 
31:836239377 835585029 834929692 835387393 835518466 834798623 835452929 836042762 835715075 836109313 835060759 835257359 835978241 834667551 835847170 836304916 835649538 835321857 835388426 835716099 835911686 835977224 835846149 835256321 835780612 834733087 836501532 835650564 835584002 836174849 836043777 835453960 835126292 835519494 835781634 836108300 834864158 836435994 836173839 834995226 835912706 836567070 835322892 835191825 836370455 
32:836567068 835126295 835321857 835322895 834995228 835191828 835453962 835585030 835716100 835846148 835977222 835978242 836108298 835911685 835847170 835257361 835452929 835649538 836173836 835650565 835780611 836435991 836239375 836043777 835388428 835518465 835519496 835912706 835715074 836109313 836240385 834798623 834929694 835387393 836042760 835060762 835781635 834733087 834667550 836304913 834864159 835584002 836370452 836501530 836174849 
33:835519498 835126298 836501527 835518465 835716101 835912706 834733086 835452929 834667548 836240385 835584001 835649538 836043778 835453964 835781636 835715074 836108296 835060764 836239372 836435988 836305921 836567066 834995230 835387393 835846147 835780610 836304911 834864159 836370449 835977221 836173834 836174849 835978242 835847171 835911684 835322897 836109313 835191831 835650566 835585032 834929695 835388431 835257364 834798623 836042758 
34:835978242 836305921 836239370 834733084 835584001 835257367 835716102 835649537 835452929 835847172 835585034 834667546 835060766 835453967 836042757 835846146 836371457 836043778 835911683 835781637 835191834 836240385 834995231 836108294 836304908 836567063 835519500 836109314 836173832 834929695 836370447 835715074 835322900 835977220 836501524 835126300 834798622 835650568 836435985 835388433 835780610 835518465 834864159 835912707 836174849 
35:835978243 836173830 835060767 835716104 835518465 834798620 835191836 836240385 835257370 836501521 835388436 835650570 836304906 836305921 835649537 836043778 835126302 835322903 836174850 835780610 835847173 835453969 834733082 834995231 836109314 836108293 836370444 835715073 835585036 835781638 836567060 834864158 835911682 834929695 835977219 834667543 836436993 835846146 836435983 835519503 835584001 836042756 836239368 835912708 836371457 
36:835322906 836240386 836436993 835585039 836173829 836305921 834929694 835060767 836042755 835650572 835257372 835453972 834864156 835846146 836501519 834798618 834995231 836109314 835388439 835716106 835780609 835911682 835649537 835977218 836435980 835191838 836567057 835519505 835847174 836043779 836304904 836239366 836371457 835126303 835781640 835715073 834667540 834733079 836502529 835912709 835978244 835584001 836108292 836174850 836370442 
37:835911682 836239365 835388442 835126303 836108291 836043780 836501516 834798615 836173828 835191839 836436993 836174850 836240386 834995230 836371457 835912710 834864154 836304902 835847176 836370440 835978245 835519508 835780609 834929692 836502529 835716108 835715073 835060767 836568065 836042754 835649537 836435978 835977218 835453975 834667537 835322908 834733076 836305922 835257374 836567055 835650575 835585041 835846145 836109315 835781642 
38:836239364 835585044 835191839 835780609 835911681 834798612 834733073 835519511 836043781 836174851 834667535 835650577 836109316 835322910 834864151 836108290 835126303 834995228 836435976 835847178 836370438 835977218 836371458 836501514 835912712 836304901 836042754 834929690 835846145 835257375 834668545 835388444 835453978 836568065 835716111 836240386 836502529 835781644 835978246 836436993 836567052 835715073 836305922 836173827 835060766 
39:835257375 836304900 834995226 835519514 836239363 836567050 836305922 834733071 835977217 835847180 834667532 835388446 835780609 835126302 834929687 836173826 836568065 836174852 836108290 836043782 835060764 835912714 834798609 834668545 835453980 835846145 836436994 835781647 835911681 835978248 836435974 834864148 835191839 835322911 835650580 835585047 836502529 836042754 835716113 836371458 836370437 836109317 836501512 834734081 836240387 
40:835911681 834798607 835060762 836370436 834995223 835781649 835978250 834667530 835191838 836239362 834734081 835650583 836568065 836108290 836174853 835126300 835453982 836501510 836109318 834864145 834799617 835846145 835585050 835912716 835977217 835716116 836371458 836240388 836042753 836173826 834733068 835847183 835322911 836502530 836305923 836435973 834668545 835519516 836436994 836567048 835388447 836043784 836304899 835257375 834929684 
41:835519518 834734081 834995220 836501509 834667528 835847185 836108289 835781652 836174854 835977217 834668545 835650586 835322911 834929681 836043786 836042753 836304898 836370435 836109320 836435972 834799617 835191836 836436994 835126298 834798604 836371459 835911681 834865153 836567046 835060759 835978252 835453983 835912719 834864143 834733066 836305924 835716119 836239362 836568066 836173826 836240389 835257374 835388447 836502530 835585052 
42:835388447 836370434 835912721 836501508 834865153 834798602 836239362 835585054 834666497 834864140 836043788 835650588 836371460 834668546 835060756 836502530 835126295 834929679 835519519 835847188 836435971 836240390 836305925 835322910 836109322 835191834 834734081 836304898 835257372 836173825 836108289 834995217 835977217 835716122 834799617 836567045 836174856 836436995 834733064 835978255 834667526 835781655 835453983 836042753 836568066 
43:834667525 834734082 834864138 836435970 835257370 835453983 836108289 836043791 835847191 836501507 835650590 836239361 836567044 836502531 836240392 835388446 836370434 835781658 835191831 836436996 836371461 836568066 836304898 835126292 835585055 834929676 834865153 834995215 835322908 836305926 834733062 834799617 836173825 836042753 835716124 834668546 834666497 835978257 836174858 836109324 835060753 834798600 834732033 835912724 835519519 
44:834733061 834797569 834799618 836174860 834732033 835716126 834929674 834668546 836240394 836173825 835519519 835912727 836305928 835847194 836435970 834995212 835453982 836568067 836567043 834865153 836043793 836239361 836371462 836109327 834864136 835585055 836502532 835388444 836304897 835978260 835781660 835191828 836108289 835322906 836501506 834666497 834734082 834798598 835126289 836370434 835060751 836436997 835650591 834667524 835257367 
45:834995210 836436998 835191825 836174863 835781662 834667523 834864134 834733060 835912730 836109329 834929672 834732033 836435970 835257364 834865154 836567042 836502533 835716127 836304897 835847196 834799618 834668547 836568068 836370433 835322903 834863105 836501506 836371464 836043796 834734082 834666497 836305930 836240396 835650591 836239361 835388442 835585055 834797569 835453980 834798597 835519518 835978263 835126287 835060748 836173825 
46:835126284 836437000 834732033 836568069 836435969 836501506 834799618 836502534 835912732 834995208 834734083 834667522 834668548 834929670 836239361 836174865 834798596 834797569 835257361 835453978 836043799 835585054 835060746 835650591 836109332 836371466 834863105 834733059 834666498 835388439 834928641 836305932 836240399 835716127 834865154 835191823 835978266 836567042 835847198 835781663 836370433 834864133 835322900 836304897 835519516 
47:835716127 835650590 836304897 835453975 834666498 836371468 835388436 836501505 836174868 836502536 834734084 836370433 836435969 834798595 834667522 836109335 836305935 835978268 836567042 834732034 834995206 835126282 835322897 834928641 835847199 834863105 836240401 834994177 835585052 835257359 835912734 834668549 834865154 836437002 834733058 834929669 835191820 835060744 834864132 835519514 834797569 836568070 835781663 834799619 836043802 
48:835388433 835519511 836043804 836109338 835453972 835585050 836568072 834995205 836437004 834734085 835191818 834865155 834798594 835060742 834668550 836502538 835650588 834799620 836435969 834797570 836370433 834864131 836240404 834994177 835059713 836501505 834863105 834666498 835716126 835781663 834732034 834929668 836567041 836305937 834733058 834667522 834928641 836371471 836174871 835126280 835322895 835847199 835257356 835978270 835912735 
49:836568074 834734086 834994177 836502540 836567041 836371473 835650586 834864130 834797570 836437007 834668552 835322892 835059713 835060741 834666499 835847199 835453969 834799621 835716124 836109340 835126278 836174874 834865156 834798594 836240407 835519508 836043806 834863106 835978271 835585047 834733058 834929667 834995204 834928641 835125249 836305940 836435969 834667521 835781662 835388431 836501505 835912735 835257354 834732034 835191816 
50:835257352 834865157 834666500 834864130 835453967 834799622 836174876 835322890 836371476 834863106 836109342 835716122 835847198 834734088 835191814 834667521 836502543 835125249 834994177 835388428 834733057 836043807 834995203 834928642 835912735 834732035 836305943 835978271 834798594 835126277 834797570 834668554 835650583 835781660 835190785 836568076 836567041 836240410 836437009 836501505 835585044 835060740 835519505 835059713 834929666 
51:836567041 834733057 834797571 835978271 834863106 836305946 834865158 834734090 834667521 834668556 834799624 834929666 834995202 834732036 835847196 834928642 836109343 836043807 835650580 834864130 834666501 835191813 835126276 835388426 835190785 835125249 835585041 836568079 835519503 835912734 835256321 835453964 834798593 835781658 835060739 834994178 836371479 835716119 835322888 836240412 835059713 836174878 836502545 835257350 836437012 
52:836043807 835190785 834798593 834864129 835912732 834863107 834995202 835257349 835585039 835650577 834668559 835125249 835978270 835060738 836568081 834732037 836174879 835126275 834667521 835519500 835191812 835716116 834994178 835059714 834928642 834734092 834865160 835256321 834929666 835321857 835781655 836437015 836109343 834797572 834733057 836240414 835453962 834799626 836502548 835322886 836371482 834666502 836305948 835847194 835388424 
53:835059714 835716113 834864129 836043806 835650575 834732038 835847191 834928643 835912730 836240415 835125250 834995202 836437018 835256321 834734095 835585036 835453960 834666504 835126274 835257348 835387393 836174879 834733057 835321857 836502551 834865162 834994178 835781652 835519498 835978268 835388422 834863108 836371484 836568084 835322885 835190785 834668561 835191811 835060738 834799628 834798593 834929665 834797573 836109343 836305950 
54:835322884 834994179 834865164 834797574 836109342 835387393 835191810 834798593 835650572 834929665 835912727 834734097 835060738 835585034 835388421 834864129 834799631 835453958 835452929 835125250 836305951 834928644 835321857 836568087 835190786 836174879 835257347 835847188 836240415 836371486 834666506 835978266 834732040 834863109 835781649 835519496 835256321 836043804 834668564 836437020 834995201 836502554 835126274 835059714 835716111 
55:835519494 836502556 834734100 836437022 835125250 835781647 836305951 835650570 834668567 834994180 835847185 835518465 834797576 834666508 835322883 835978263 835453957 835716108 834863110 835257346 835059715 836109340 835585032 835912724 835388420 835191810 836371487 834929665 835256322 834865167 835387393 835452929 836568090 834928645 834864129 834995201 836043802 835321857 834732042 835126274 835190786 834799633 836174878 835060737 836240415 
56:834995201 836174876 835060737 835453956 835585030 834799636 835912721 836437023 834929665 834865169 834928646 835519493 835781644 836043799 835518465 835388419 836305951 834732044 836240414 835584001 835716106 835321858 836371487 836109338 835190786 836502558 835847183 834863112 836568092 834797578 835257346 834666511 835452929 834734103 835125251 835650568 835059716 835191810 835387393 834994181 835978260 835126273 835256322 835322882 834668570 
57:835518465 835387394 834863114 834995201 836305950 835650566 835388418 834668572 834928648 834865172 835256322 834799639 836437023 835519492 835584001 835126273 835322882 835847180 836174874 836568094 836371487 835452929 835649537 835257346 835125252 835059717 836109335 834734106 834994182 836502559 835453955 836043796 835978257 835585029 835321858 835060737 835781642 834666513 835716104 836240412 835191809 834797580 834732047 835190787 835912719 
58:835059718 835453954 836305948 835715073 835387394 835585028 835060737 834797583 835256323 835716102 835912716 835781640 836174871 834666516 834799642 836568095 834994184 835190788 835321858 835978255 836371486 835649537 835126273 835584001 836240410 834734108 834928650 835257345 834865175 834863116 834668574 835191809 834732049 835452930 836109332 835388418 835519491 836502559 835650565 835125253 835322882 836043793 835847178 836437023 835518465 
59:836371484 834863119 836437022 835584001 835518466 835387394 836109329 834799644 835059720 835519490 834994186 836568095 834928652 836174868 835388418 835126273 835649537 835716101 835125254 834797585 835257345 835453954 834734110 834668575 835256324 835322881 836240407 835650564 835912714 836502559 835585027 835780609 836043791 836305946 834732052 835847176 835452930 835978252 835190789 835715073 834865178 835781638 835321859 834666519 835191809 
60:835585026 836305943 835584002 835847174 835912712 835191809 835846145 834865180 834799646 836240404 835257345 835322881 834928655 835716100 834863121 836174865 835190790 836043788 834797588 835453954 834668575 836502558 835781637 835978250 835452930 834666522 834732055 835387395 836437020 834994188 835256325 835321860 835125256 835715073 835388417 834734111 835780609 835649537 835518466 836568095 835519490 836371482 835059722 835650563 836109327 
61:835716099 834928657 835649538 835125258 835847173 836502556 835585026 834732058 834863124 834865182 835452931 834799647 835911681 835322881 835781636 835584002 836371479 835387396 835059724 836109324 835846145 835453953 835388417 836240401 835912710 835780609 835321861 836043786 835257345 835190792 834734111 835256326 834666524 835518466 835715073 836174863 834797591 836305940 835650562 836437018 836568094 834994191 835978248 834668575 835519490 
62:835387397 834732060 835518467 836437015 836568092 836109322 835125260 835452932 835780609 835977217 835912709 835059727 835715074 835585026 835453953 834928660 835519489 835190794 835847172 836502554 834865183 834666526 835388417 834668574 835321862 836305937 836371476 835322881 834863127 835846145 834734111 834799647 834994193 834797594 835650562 836174860 835256328 836043784 835649538 835911681 835584002 835978246 835716098 836240399 835781635 
63:835911681 835847171 836043782 836502551 834799647 835125263 835780610 835716098 836042753 835519489 835518468 835977217 835387398 835059729 834666527 834732062 835715074 836305935 834994196 835846145 836568090 834863130 834734110 835452933 836109320 836371473 835321864 834797596 834865183 834928663 835584003 835585025 835650562 836174858 835190796 835388417 835453953 835256330 834668572 836240396 835912708 835781634 835978245 835649538 836437012 
1020:822738954 823132162 286720001 286721033 823591944 286327833 823198722 285738008 286523393 823394305 823197698 286917637 823788559 286655500 823526406 286983172 823854097 822673420 286524433 823395332 286982147 823328769 285475853 285803546 286786568 823657482 822870022 285280257 822151196 823066627 287114242 823985175 285672469 285345793 822216734 286916610 285411329 822282271 286196765 823067649 285869084 822345754 287048707 823919636 285279239 287047683 285410315 823001092 285606930 286458899 823329795 286785537 285541392 822476820 286588929 823459841 286131230 823002113 822214686 286065695 822936577 286000159 822871041 285934622 286852102 823723020 285212673 822083615 822607887 286654465 823525377 286851074 822280220 286393366 823264258 822411287 286589966 823460869 823263234 822935557 286262299 823133186 285344777 822804488 287113220 285214722 822085658 285213702 285278209 822149151 822542353 
1021:286720001 823590913 287047683 286000158 822935558 285934620 287113219 285411329 822282270 823263234 286983173 823854095 823394305 285869082 285475851 285738005 823001093 286065695 822936577 822542356 823132163 286852104 823723018 286589969 823460868 285214722 822085655 286851073 823197698 286196766 823067649 286458902 823329794 285344775 286785537 286588929 823459841 285279238 823328770 286655502 823526405 823066628 285345793 822216732 286917638 823788556 286786569 823657480 286916610 822738956 822870024 286721036 823591942 285672466 285278209 822149151 285541389 287114243 823985172 286393369 823264258 822476823 286982146 822673423 822804490 286131231 823002113 285410313 286654465 823525377 822280222 285213700 822607889 285803544 285343745 822214687 822411290 286327835 823198722 822345756 285280258 822151194 285606928 286524435 823395331 286262301 823133185 285212673 822083615 287048708 823919633 
1022:285410311 823263234 285738002 286983174 823854092 823328770 287048709 823919631 823001094 286852105 823723016 285345794 822216730 286065694 285541387 822673425 822542359 287047682 285606925 285344774 285869080 286458905 823329794 286786572 823657478 286655505 823526404 822607892 822476826 285213699 286982146 822935560 285672464 286262302 823133185 285934618 285409281 822280223 286916609 286654465 823525377 286721038 823591941 286393371 823264258 285214723 822085652 286131231 823002113 823066629 823197699 286327837 823198721 823459841 285411329 822282268 285343745 822214687 286785537 823656449 287113219 822411292 823132164 285475849 287114244 823985169 286524438 823395330 286917640 823788554 822738959 822345758 822870026 285278209 822149151 823394306 286851073 286196767 823067649 285803541 285280258 822151191 286000156 822804492 286589971 823460867 286720001 823590913 285279236 285212673 822083614 
1023:286851073 823721985 822542362 823197700 285410310 286524441 823395330 285343745 822214687 286458907 823329794 287048710 823919628 822870028 286327838 823198721 287114245 823985167 286000154 286655507 823526403 822673428 287047682 822738961 286786574 823657477 285411330 822282266 822935562 286720001 823590913 286785537 823656449 285474817 822345759 285541385 287113218 285345794 822216727 823459842 286131230 823263235 286393373 823264257 285279235 285214724 822085649 286065692 285212673 822083612 285803538 286982145 285738000 285280259 822151188 822476828 285672461 822804495 286721041 823591940 285409281 822280223 823001096 285278209 822149150 286589974 823460866 286196767 823067649 286983176 823854090 823525377 286917641 823788552 823394306 823132165 822607895 285934616 823328770 285606923 286262303 823133185 286852108 823723014 285475847 286916609 285344772 822411294 285213699 285869077 823066630 
1024:286458909 823329793 822607898 285411330 822282263 822804497 823132166 823066632 285540353 822411295 822542364 285214725 822085647 822476830 285344771 286327839 823198721 285541383 286393374 823264257 285934613 823459842 286262303 823133185 285345795 822216724 285606921 286000152 822935564 287113218 823197701 286524443 823395330 286983177 823854088 286065690 287114246 823985164 287047681 822673431 285409281 822280223 286982145 285737997 822870031 285475846 286852110 823723013 285672459 285278209 822149148 285474817 822345759 286131228 286917644 823788550 285869074 286655510 823526402 285803536 823001098 285212674 822083610 823263236 285410308 823525378 286786577 823657476 286589977 823460866 286851073 823721985 823590913 286916609 823787521 822738964 285213698 823328771 286785537 823656449 285280260 822151185 823394306 287048712 823919626 285343745 822214686 286196766 285279235 286721043 823591939 
1025:823132168 285737995 285541382 285343745 822214684 285410307 823656449 823459842 286000149 287048713 823919624 822804500 285540353 822411295 823590914 286721046 823591938 285672457 823525378 822935567 285411331 822282260 823263237 285803533 285934610 286852113 823723012 286917646 823788549 822542366 287047681 823394307 822870033 286393375 823264257 286196764 285213698 286983180 823854086 285212674 822083607 285278210 822149146 823328772 286065688 285475844 286524445 823395329 286262302 286982145 823853057 285214726 822085644 285409281 822280222 285280261 822151183 823066634 286589979 823460866 823197702 285606919 286458910 823329793 285869072 286327839 823198721 286851073 823721985 286786579 823657475 286916609 823787521 822738967 285345796 822216721 285279234 287114248 823985162 823001100 287113217 285474817 822345759 285344771 822607900 822673434 286131226 285605889 822476831 286655513 823526402 
1026:823197704 823590914 286786582 823657474 285212675 822083604 285474817 822345758 285803531 285345797 822216719 823132170 285343746 822214682 285869069 286393375 823264257 823328773 285214728 822085642 287047681 823918593 286131224 285411332 822282257 285279234 823656450 823459843 285540353 822411295 823721985 286262300 285606918 286721049 823591938 287113217 287114249 823985160 823066636 286065685 286655515 823526402 286916609 823787521 285737993 822870036 286589981 823460865 823525378 285541380 286982145 823853057 286917649 823788548 822738970 286196762 286852115 823723011 285934608 822804503 285409281 822280220 286983182 823854085 823394308 285475843 286524446 823395329 285213697 822673436 286000146 285672455 285671425 822542367 285605889 822476831 822607902 823001103 285278210 822149143 823263238 285280262 822151180 287048716 823919622 285344770 285410307 286458911 823329793 822935569 286327838 
1027:286983185 823854084 286000144 285280264 822151178 285540353 822411294 285410306 285411333 822282255 285345798 822216716 823263240 285934605 286982145 823853057 285343746 822214679 823328774 286721051 823591938 287047681 823918593 286196760 822738972 286458911 823329793 285475843 823525379 285606916 823459844 285213697 285671425 822542367 285279233 285541379 285869067 822673438 285736961 822607903 286393374 823001105 286917651 823788547 286524447 823395329 286131221 823197706 286589982 823460865 823132172 285737991 287113217 823984129 285278211 822149140 287114252 823985158 822870039 822935572 823721986 286786585 823657474 823394309 823787521 823066639 286852118 823723010 823590914 285605889 822476831 287048718 823919621 285344770 286327836 285214729 822085640 285803529 286065682 822804506 285409282 822280218 286655517 823526401 285212676 822083601 285672454 285474817 822345756 286262298 823656450 
1028:822738974 823066641 823263242 286262296 286655518 823526401 285410306 823853057 285411334 822282252 823787522 285409282 822280215 285344769 286983187 823854083 823459845 822870042 286196757 286000141 823656450 285737990 285540353 822411292 823328776 823001108 286589983 823460865 287047681 823918593 285605889 822476830 823197708 285869065 286393372 823525380 285345800 822216714 286917654 823788546 285672452 285671425 822542367 285214732 822085638 286786587 823657474 286065680 285474818 822345754 286458910 285278212 822149137 822935575 823590915 287113217 823984129 285934603 285343747 822214676 285802497 822673439 285279233 823394310 285606915 285475842 285213697 822084609 287048721 823919620 286524447 823395329 287114254 823985157 286721053 823591937 285212677 822083599 286852121 823723010 822804508 823721986 285803527 286131218 285541379 823132175 285736961 822607903 285280265 822151176 286327834 
1029:823787522 823590916 285343748 822214673 285605889 822476828 823853058 285214734 822085637 285606915 823656451 822804510 286065677 823001111 286393370 285409283 822280212 823459846 823721986 285803526 822870044 286196754 285737988 286589983 823460865 285868033 822738975 823918593 285736961 822607903 286524446 287114257 823985156 286327832 823525381 286000139 286655519 823526401 287113217 823984129 286852123 823723010 285672451 285279233 822150145 285802497 822673439 286131216 285345801 822216712 287048723 823919619 285474818 822345751 286786589 823657473 823263244 286917657 823788546 285213697 822084609 285671425 822542366 823394312 823197711 285934601 285278213 822149135 823328778 286721054 823591937 285540354 822411290 285410305 285475842 285344769 823066644 285541378 285411336 822282250 285212678 822083596 822935578 285869063 823132177 286983190 823854082 286458908 285280268 822151174 286262293 
1030:823001114 285474819 822345748 823328780 285671425 822542364 823394314 286786590 823657473 287048726 823919618 285803524 285933569 822804511 823984129 285934599 286589982 285605890 822476826 286458906 286917659 823788546 823853058 286196752 285345804 822216710 286327829 285280270 822151173 285410305 285606914 285279233 822150145 286393368 286983193 823854082 285409284 822280209 286721055 823591937 285540354 822411287 286262290 822870046 823525382 285475841 823918594 285214737 822085636 823590917 286000137 823787522 823066647 285344769 822215681 823459848 285278214 822149132 285802497 822673439 286655519 823526401 823132180 286131213 287114259 823985155 285737987 285869062 822935580 823263247 285212680 822083594 286852125 823723009 285541378 285736961 822607902 286065675 823721987 285868033 822738975 286524444 285672451 823656452 823197713 285411337 822282248 285213697 822084609 285343749 822214671 
1031:823918594 285934598 823328783 822935582 286131211 285868033 822738975 286917661 823788545 285474820 822345745 285214739 822085635 823263249 285737987 285212681 822083592 285280273 822151172 286721055 823591937 286589980 285869060 286458904 286262288 285279233 822150145 823656453 285605890 822476823 286524442 286196749 285411340 822282246 823721988 823459850 823984130 286327826 286852126 823723009 287114262 823985154 285540355 822411284 285803523 823394316 285802497 822673438 285343750 822214668 285410305 822281217 823001116 285409285 822280207 286983195 823854082 286065673 285933569 822804511 823787523 286393365 285736961 822607900 822084609 285475841 823525384 823132183 285278216 822149130 285672450 286786591 823657473 285606914 285344769 822215681 823197716 286000135 285541377 285345806 822216709 287048729 823919618 823066650 285999105 822870047 823853058 286655518 823590918 285671426 822542362 
1032:285280275 822151171 285736962 822607898 286589978 286327824 285605891 822476820 286000134 286196747 286852127 823723009 286917662 823788545 822084610 286393362 823787524 285803523 285411342 822282245 285212684 822083590 286064641 822935583 285606913 286131209 823197719 285278217 822149128 286458901 823656454 285541377 823066652 823853059 285475841 822346753 286786591 823657473 823328785 286983197 823854081 285737986 823263252 823918594 285214742 822085634 285868033 822738974 823590920 285474821 822345743 823525386 823132186 285410305 822281217 823394319 286524440 822150145 285999105 822870047 285672450 285933569 822804511 286655516 823721989 823984130 285869059 285409286 822280204 286721054 823459852 285344769 822215681 823001118 285345809 822216708 286065671 286262285 287114265 823985154 285540356 822411281 285802497 822673436 285934596 285671426 822542359 285343752 822214666 287048731 823919618 
1033:823984130 285410305 822281217 286065670 285280278 822151170 823918595 285737986 823197722 285212686 822083589 823656456 285803522 286327821 823590922 823787525 286589976 822215681 285606913 285345811 822216707 285411345 822282244 286458898 286064641 822935583 823721990 285672449 285869059 286000132 285540357 822411279 285671427 822542356 285278220 822149126 286786590 286196745 286131207 285605892 822476817 285475841 822346753 286524437 823328788 285868033 822738972 823525388 286130177 823001119 285474822 822345740 285934595 285541377 822412289 286917663 823788545 285933569 822804510 286393360 286721052 286655514 822150146 823263255 823066654 285214745 822085634 822084610 823459855 285343753 822214664 285409288 822280202 286983198 823854081 285802498 822673434 285999105 822870047 287114267 823985154 286262283 823853060 286852127 823723009 287048733 823919617 823132188 823394321 285736962 822607895 
1034:285411347 822282243 286196743 285934595 285540358 822411276 285999105 822870046 286262281 286130177 823001119 285671428 822542353 286458896 285933569 822804508 285345814 822216706 286327819 286786588 285214747 822085634 823853061 822150146 285802498 822673431 285869058 285736963 822607892 285280281 822151170 823394324 285803522 286000131 286393357 823525391 285278222 822149125 823787526 286064641 822935583 286589973 285737985 286983199 823854081 285475841 822346753 286655512 823197724 285343756 822214662 285474824 822345738 823656458 823459857 285605893 822476815 286524434 823132190 822215682 822084610 285409289 822280200 823328791 285212689 822083588 286852126 285606913 822477825 823590924 286195713 823066655 287048734 823919617 823984131 286721050 286065668 823263258 286917663 823788545 823918596 287114269 823985153 822281217 285868034 822738970 285541377 822412289 823721992 285672449 286131206 
1035:823328794 823984132 822084611 285933570 822804506 286327817 822150146 285343758 822214661 823197726 823656460 823918597 285803521 286786586 285280283 822151170 823853062 286852124 823394327 285345817 822216706 286130177 823001119 287048735 823919617 286589970 822346753 285541377 822412289 823590927 285606913 822477825 285868034 822738967 286393355 286196742 285540360 822411274 285672449 822543361 285474825 822345736 822215682 286195713 823066655 286000131 285605894 822476812 285869058 823721994 285736964 822607889 286917662 285411350 822282242 286065667 823787528 285737985 285278225 822149124 285802499 822673428 286262279 286721048 286983199 823854081 285214749 822085633 286655509 823525393 285934594 285671429 822542351 286261249 823132191 285409292 822280198 286064641 822935582 822281218 286131204 286458893 287114270 823985153 285212691 822083587 285999105 822870044 823459860 286524432 823263260 
1036:285934594 286262278 823590929 822412289 286195713 823066655 822215682 823459863 286721045 285343761 822214660 823656463 286261249 823132191 285345819 822216706 285737985 822608897 823328796 286065667 285605896 822476810 285802500 822673425 285540361 822411272 287114271 823985153 286326785 823197727 823984133 285868035 822738964 823394330 286458891 286000130 286393353 823525396 285278227 822149123 285999106 822870042 286327815 286983198 286131203 286130177 823001118 286524429 285671430 822542348 286196740 823263262 285411353 822282242 286589968 285672449 822543361 822150147 823721996 287048735 823919617 286655506 285212694 822083586 286852122 286786584 285474828 822345734 822346754 285869057 285409294 822280197 823853064 285803521 285280285 822151169 285933570 822804503 286064641 822935580 823787530 822084612 822281218 823918598 286917660 285214750 822085633 285736965 822607887 285606913 822477825 
1037:286852120 285999106 822870039 285671432 822542346 286196739 823721999 823394332 287048734 286589965 285345821 822216705 286131203 285802501 822673423 285672449 822543361 823656465 823459866 823525399 285278230 822149122 822477825 285474830 822345733 286721042 286983196 822412290 286393351 285214751 822085633 286064642 822935578 286917658 822346754 285212697 822083586 822215683 823328798 822281218 285737985 822608897 286195713 823066654 286524427 286327814 286261249 823132191 286326785 823197727 285280286 822151169 286786581 285933571 822804500 823787532 285411355 822282242 285605897 822476808 286065666 286000130 286392321 823263263 823853066 285409297 822280196 285868036 822738961 286262276 286458889 822084613 822150148 286130177 823001116 823984134 285934593 286655504 287114271 823985153 285803521 822674433 285343763 822214659 285869057 285736966 822607884 823918600 285540364 822411270 823590932 
1038:285409299 822280195 285411357 822282241 286983194 285934593 285933572 822804497 286327812 285345822 822216705 286917656 823984136 822543361 285868037 822738959 286261249 823132190 822281219 286786578 822412290 822215684 285869057 822739969 285278233 822149122 822150149 287114270 285803521 822674433 286130178 823001114 823394334 285280287 822151169 823918602 822477826 285474833 822345732 285212699 822083586 286262275 822346754 823787535 286393350 286852117 286326785 823197727 285802502 822673420 285343766 822214658 286524425 823525402 286196739 287048732 286000129 286131202 286195713 823066652 823853068 285605900 822476806 823656468 823722001 286457857 823328799 285214751 822085633 286065666 286721040 823459868 285671433 822542344 286655501 286064642 822935575 286458887 822084614 285736968 822607882 285540366 822411269 286589963 823590935 285999107 822870036 285737985 822608897 286392321 823263263 
1039:285802504 822673418 285214750 286458886 822084616 823984138 286195714 823066650 285736969 822607880 286524423 286262275 286852114 286393348 822412290 285671436 822542342 286261249 823132188 286196738 285933573 822804495 823459870 285999108 822870033 286523393 823394335 285345823 822216705 286326785 823197726 286917653 823787537 285212701 822083585 285803521 822674433 823853071 822346755 286392321 823263263 287048730 823525404 823918604 286786576 285540369 822411268 285605902 822476805 823590938 822608897 285280287 822151169 286131202 822477826 823656471 285868038 822738956 286327811 823722004 286130178 823001111 285411358 822282241 286655499 287114268 822281220 285474835 822345731 822150150 285869057 822739969 286065665 285278235 822149122 285409302 822280194 286064643 822935572 285343769 822214658 822543362 286000129 286983192 285934593 822805505 286457857 823328799 822215685 286721037 286589961 
1040:285933574 822804492 285868040 822738954 823853073 286524422 285671438 822542341 823918607 286458884 823984140 286523393 823394335 822477826 286196738 822346756 286392321 823263262 823525406 823656474 822543362 286327811 285409305 822280194 822084618 822150152 286261250 823132186 286131201 285540371 822411267 286326785 823197724 822215686 823722007 287048728 286262274 286000129 822871041 285736972 822607878 286457857 823328799 286064644 822935569 287114266 285280286 285212702 822083585 285278237 822149121 823787540 286786573 286065665 822608898 285345823 822216705 286983189 285605905 822476804 822412291 285802505 822673416 285411359 822282241 286588929 823459871 286917650 286721035 822674433 823590940 285214748 286655497 822281221 285474838 822345730 286589959 286852112 286130179 823001108 285934593 822805505 285869057 822739969 285343771 822214658 285999109 822870031 286393347 286195714 823066647 
1041:285736974 822607877 286262274 286131201 285343773 822214657 823722010 286655495 286261250 823132183 822739969 285605907 822476803 285411359 822282241 286983186 286523393 823394335 285345822 823656476 286392321 823263260 822150154 286457857 823328798 823984143 286393347 285540374 822411266 286196737 286589958 286654465 823525407 285280284 822477827 285802508 822673414 822084620 286588929 823459871 286721033 822346757 822281222 285999110 822870028 286064645 822935567 822412292 286327810 822674434 287114264 285212703 822083585 823590942 285671441 822542340 287048725 822608898 286852109 285934593 822805505 286000129 822871041 285474841 822345730 285214746 285933576 822804490 286195715 823066644 286917648 285409307 822280194 286065665 822936577 286458883 285868041 822738952 286524420 286130180 823001105 823787543 823918609 822215688 823853076 286786571 286326786 823197722 285278238 822149121 822543362 
1042:286589956 286000129 822871041 823656478 285411358 286786569 285474843 822345730 285345820 286917645 822805505 286392322 823263258 823722012 286393346 822739970 822608898 286195716 823066641 822674434 285736977 822607876 822084623 286262273 286524419 286261251 823132180 822346758 286983184 285802510 822673413 286196737 285540377 822411266 823787546 285343774 822214657 286457857 823328796 285868044 822738950 287114261 286588929 823459871 822543363 287048722 286523393 823394334 822281224 286720001 823590943 285278239 822149121 822215690 822150156 286130181 823001103 286852107 286654465 823525407 823918612 286064646 822935564 286131201 823002113 285409309 822280193 286458883 286655494 285999112 822870026 286065665 822936577 822412293 285212703 822083585 286326786 823197719 285280282 285605910 822476802 286327810 823984145 285671443 822542339 285933577 822804488 823853079 286721031 822477828 285214744 
1043:823918615 285736979 822607875 286917643 286130182 823001100 822608899 823722014 822674434 286721030 285540379 822411266 286588929 823459870 286196737 823067649 286393346 285409310 822280193 286065665 822936577 285212702 822477829 822543364 286195717 823066639 285278239 822149121 822150159 286589955 285411356 287048720 822805506 285474845 822345729 822215692 286852105 286392322 823263255 823853082 285868046 822738949 286326787 823197716 286458882 286262273 822084625 822281226 285605913 822476802 285933580 822804486 286786567 286131201 823002113 823984148 286524419 286654465 823525407 285345818 285999113 822870024 286785537 823656479 286655492 823787548 822346760 286983181 286457858 823328794 286327809 286261252 823132177 285671446 822542338 285802513 822673412 285280280 286720001 823590943 285214741 822412294 286064648 822935562 822871041 287114258 285343775 822214657 822739970 286523393 823394332 
1044:285868049 822738948 822346762 286326788 823197713 822281228 285212700 286983179 822805506 285411354 286588929 823459868 285474846 822345729 286457858 823328791 286130184 823001098 286131201 823002113 285671449 822542338 286851073 823722015 286458882 822215695 286523394 823394330 286917641 286195718 823066636 822936577 285278238 285280277 285933582 822804485 822477830 822871042 285605915 822476802 822150161 286327809 822412296 823984151 286524418 285409311 822280193 823787550 285540381 822411265 286654465 823525406 286720001 823590943 286785537 823656479 285736982 822607874 286064649 822935560 822739970 285999116 822870022 286262273 823133185 286392323 823263252 822084628 287114256 285343775 822214657 822543365 286655491 287048717 286721028 285345816 286261253 823132175 286786566 823918618 285802515 822673411 822608900 285214738 822674435 286589955 823853084 286393345 286196737 823067649 286852103 
1045:822150164 822412298 822084631 286916609 823787551 286457859 823328788 822543366 286524418 285212698 286262273 823133185 286326789 823197711 822215697 822739971 285474847 822345729 286917639 285409311 822280193 286655491 286851073 823722015 286392324 823263249 286130185 823001096 286588930 823459866 823984154 285280274 286720001 823590942 286458881 286983177 286327809 823198721 823918620 285411352 285278236 822936578 286589954 822871042 285933585 822804484 822281231 822805506 286523394 823394327 286785537 823656479 285540382 822411265 286393345 823002113 286196737 823067649 287114253 285214736 286654465 823525404 823853086 286064652 822935558 286195720 823066634 285671451 822542338 822608901 285868051 822738947 822346764 285605917 822476801 285802518 822673410 286852102 285345813 286261254 823132172 285999118 822870021 286721027 285343774 822674436 822477832 286786564 287048715 285736985 822607874 
1046:285214733 286785537 823656478 286458881 286786563 823067649 285278234 286262273 823133185 286523395 823394324 822477834 823918622 285474847 822345729 285343772 285802521 822673410 822739972 285212696 286720001 823590940 822281233 286917638 285671453 822542337 285345810 822805507 285411349 286392325 823263247 285540383 822411265 286326790 823197708 823984156 286982145 823853087 286589954 287048713 286064654 822935557 286721027 286655490 286195721 823066632 286261256 823132170 286327809 823198721 822412300 285868054 822738946 286588930 823459863 286654466 823525402 285280272 287114251 286457860 823328785 285409310 822674437 822608902 286852100 822936578 823002114 285605918 822476801 822543368 286983175 285736987 822607874 286524417 286851073 823722015 822215700 285999121 822870020 822150167 286393345 823264257 286916609 823787551 286130188 823001094 822346767 285933587 822804483 822871042 822084634 
1047:822346769 822543370 286327809 823198721 286458881 823329793 285868057 822738946 286655490 286720002 823590938 286588931 823459860 286785537 823656476 822739973 287048711 286392326 823263244 286393345 823264257 823984158 286982145 823853087 285343770 822608904 286457861 823328783 287114249 286195724 823066630 822936578 823067650 286851073 823722014 285736989 822607873 286852099 286524417 822871043 286916609 823787551 286983174 822215703 285280269 822084636 286654466 823525399 286261257 823132168 285933590 822804482 285278232 285802523 822673410 285345808 285605919 822476801 285540383 822411265 285474846 286721026 286326792 823197706 822477836 822281236 823002114 286130190 823001093 285671454 822542337 286523396 823394321 286589953 285212693 287047681 823918623 822412303 286786563 822674438 285411346 285214731 822150170 286064657 822935556 285409308 285999123 822870019 823133185 822805508 286917636 
1048:286786562 287114247 286852099 285933593 822804482 285605919 822476801 286393345 823264257 285409306 822805509 287048710 823133186 286916609 823787550 822543372 286982145 823853087 286523397 823394319 286720002 823590935 285999126 822870018 286655489 822739974 285736990 822607873 286983172 823002114 286458881 823329793 822608906 285474844 286917635 285214729 285671455 822542337 287047681 823918623 822871044 286654467 823525396 286392328 823263242 286851073 823722012 286785538 823656474 822281239 285411344 285540382 286588932 823459857 822150172 285345805 285280267 823198721 285802525 822673409 822346772 822936579 286721026 822084638 286326793 823197704 822215706 286064659 822935555 285278229 285343768 286524417 823395329 822674440 822477839 285212690 285868059 822738946 822412305 823067650 287113217 823984159 286457862 823328780 286589953 286261260 823132166 286195726 823066629 286130193 823001092 
1049:285214727 286064662 822935554 286655489 286589953 823460865 822936580 286130195 823001091 286721025 285212688 822739976 287113217 823984159 285802526 822673409 286720003 823590932 823002115 286982145 823853086 822281242 287047681 823918623 286458881 823329793 286786562 822215708 285736991 822607873 822805510 285540380 286916609 823787548 285345803 285999129 822870018 286457864 823328778 822150174 823198722 286261262 823132165 285474842 822871045 822674442 822412308 286654468 823525393 285213697 822084639 823133186 287048708 286983171 286195729 823066628 285933595 822804482 286851074 823722010 285278226 285671455 822542337 285409304 285280265 286392329 823263240 286785538 823656471 285343765 286588933 823459855 823264257 285411341 286852098 286523398 823394316 286524417 823395329 285868061 822738945 822543375 287114246 823067650 286326796 823197702 822346775 285605918 822477841 286917635 822608908 
1050:822608911 285343762 286654469 823525391 286392332 823263238 822805512 285802527 822673409 822346778 285540378 285213697 822084639 286588934 823459852 286064665 822935554 285411339 285474840 822871046 285345801 285212685 286589953 823460865 287114244 822543377 285278224 286852098 285999131 822870018 286721025 286917634 286720004 823590929 286982145 823853084 285605916 286523400 823394314 287048707 286261265 823132164 822477844 822739978 822412311 286786561 287113217 823984159 285736991 822607873 285409301 286524417 823395329 285868062 822738945 285280263 822281244 286983171 286195731 823066627 822215710 822674444 286851074 823722007 287047681 823918622 285214726 286785539 823656468 285279233 822150175 823264258 823067651 286130198 823001090 285671454 286655489 823526401 286916610 823787546 286326798 823197701 823133186 285933597 822804481 286457865 823328776 823002116 822936581 823329793 823198722 
1051:286851075 823722004 285671452 286130201 823001090 286917634 286589953 823460865 285213697 822084639 285605914 822739980 822281246 822674447 285343760 287114243 286064667 822935554 286654470 823525388 823264258 286785540 823656465 822871048 286261267 823132163 286588936 823459850 285278221 823067652 286721025 823591937 286195734 823066626 286326801 823197700 286786561 822936582 285540376 823198722 285736990 285214724 286392334 823263237 285280262 287047681 823918620 823329794 285474837 822805514 285999133 822870017 286983170 286852097 823133187 286655489 823526401 286916610 823787543 286982146 823853082 287113217 823984158 823002117 285933598 822804481 285868063 822738945 285411337 285279233 822150175 822412314 285345799 286720005 823590927 286457868 823328774 285802527 822673409 285344769 822215711 822543380 823395329 822477847 285212683 822346780 285409298 822608913 287048707 286523401 823394312 
1052:286326803 823197699 822871050 823133188 822412316 286457870 823328773 286982146 823853079 823264258 286983170 285605912 285411335 285278219 286523404 823394310 285280260 285279233 822150175 822477850 287048706 823002118 285345798 286852097 286130203 823001090 286720006 823590924 285802526 286786561 823657473 286851076 823722001 822739983 285671450 822805516 823198723 285736988 285344769 822215711 823395330 286655489 823526401 285868063 822738945 285409296 285410305 822281247 822674449 286261270 823132162 287114243 285999134 822870017 823329794 286785541 823656463 287113217 823984156 286654472 823525386 822608916 823067653 822543383 286195737 823066626 287047682 823918618 286917633 285933599 822804481 286392337 823263236 286721025 823591937 822936584 285343757 285214723 285212681 285213697 822084638 285474834 286064669 822935553 823460865 286588937 823459848 286916611 823787540 822346782 285540373 
1053:285671448 287047682 823918615 286195739 823066626 822674452 286261273 823132162 286982147 823853076 823264259 823133189 285343755 285410305 822281247 286720008 823590922 285802524 285736986 822543386 285411334 822871052 286721025 823591937 286983169 822412318 822477852 823002120 285475841 822346783 286588940 823459846 285278217 286457873 823328772 822739985 285212679 823198724 285213697 822084636 286916612 823787537 285345796 286326806 823197698 823526401 286523406 823394309 286851077 823721999 285868062 285214723 285344769 822215711 285409293 287113218 823984154 286785542 823656460 285605909 286917633 286392339 823263235 285540370 287114242 286852097 823723009 823329794 285933599 822804481 286786561 823657473 822608919 286064670 822935553 287048706 823395330 285280259 285474832 822936586 823460866 286654473 823525384 285279233 822150174 823067654 286130205 823001089 822805519 285999135 822870017 
1054:823395330 285541377 822412319 285213698 822084634 285736984 286261275 823132162 285671445 285278215 285409291 285999135 822870017 823526402 286392342 823263234 822608922 285802522 286588942 823459845 286654476 823525382 285280259 286720009 823590920 287113218 823984151 285279233 822150172 286851078 823721996 822936588 823591937 822805521 822543388 286982148 823853073 285540368 285411332 286917633 823788545 286785544 823656458 285344769 822215710 285214722 286523409 823394308 285345795 285605906 823329795 823198725 823460866 285933598 286195741 823066625 823002122 823067656 286130206 823001089 285868060 285343753 285212678 822739988 287114242 286326809 823197698 287047683 823918612 286064671 822935553 285474829 286852097 823723009 822674455 286457875 823328771 823133190 286983169 285410305 822281247 286916613 823787535 823264260 287048705 285475841 822346783 822477854 822871055 286786561 823657473 
1055:286064671 822935553 286130207 823001089 285475841 822346783 823526402 286720012 823590918 822805524 286261277 823132161 287048705 286917633 823788545 286851080 823721994 285345795 823002124 285213698 822084631 286982149 823853071 822608924 286785545 823656456 286852097 823723009 285933596 285409289 286392345 823263234 285280258 286654478 823525381 285411331 287114241 285606913 822477855 285999134 285671442 823657473 823198726 285279234 822150170 286983169 823854081 285343751 287047684 823918609 286326811 823197698 823460866 822739991 285344769 822215708 822674458 285540365 822871057 823395331 285214722 823264261 286916614 823787532 286588945 823459844 285736981 823067658 285212676 285541377 822412319 286195742 823066625 285410305 822281246 287113219 823984148 822543390 822936591 823133192 823329796 285474827 285868058 286457878 823328770 285278214 823591938 286523411 823394307 285802520 285605904 
1056:287047685 823918607 286457881 823328770 823002127 285345794 823395332 822608926 285605901 285736978 286720014 823590917 285541377 822412319 286392347 823263234 285672449 822543391 287114241 822674460 285474825 285279234 822150167 286261278 823132161 823198728 285540363 286588947 823459843 285671440 285278212 822805527 823460867 286523414 823394306 285999132 823329797 822739994 822871060 285344770 822215706 285475841 822346782 285933594 286130207 823001089 823067660 285868056 823723009 286654481 823525380 285343750 286785548 823656454 285802517 823591938 822936593 285410305 822281244 286064670 285280258 286195743 823066625 823133194 287113220 823984145 285212675 287048705 823919617 285409287 285411331 823264262 823657474 286851081 823721992 823526402 286982150 823853068 285213699 822084628 286917633 823788545 285214721 286326813 823197697 286916616 823787530 286983169 823854081 285606913 822477855 
1057:286326814 823197697 285541377 822412318 286457883 823328770 286261279 823132161 285606913 822477855 823788545 823526403 822674462 286983169 823854081 286982152 823853066 286064668 285212675 823657474 822871063 822936596 285868053 286130206 823264264 823133196 823591938 285345794 285933592 285410306 822281242 285605899 285214721 286654483 823525379 286720017 823590916 285344770 822215703 287113221 823984143 823723010 285802514 287047686 823918604 286785550 823656453 285280257 286523417 823394306 823395333 286588950 823459842 823002129 822739996 823329798 823460868 286195743 823066625 285475841 822346780 822805530 286392349 823263233 286851084 823721990 823198730 285672449 822543391 285213700 822084625 285540361 285736976 285279235 822150164 285737985 822608927 823067663 285343748 285409286 285411330 285671437 285278211 285999130 286916617 823787528 285474823 287048705 823919617 287114241 823985153 
1058:823002132 822871066 285672449 822543391 287113222 823984140 286326815 823197697 285802512 285475842 822346778 286916620 823787526 285999128 285868050 285278211 823723010 285671435 823591939 285803521 822674463 822936599 287114241 823985153 823788546 286130204 285933589 286457885 823328769 286392350 823263233 823395334 285409284 285606913 822477854 285410306 822281239 286523419 823394306 286720019 823590915 823526404 286851086 823721989 287048705 823919617 822739998 285737985 822608927 286195742 285474822 286654486 823525378 823264266 285212674 285344771 822215700 823133199 823067665 286588953 823459842 823198732 822805532 286261279 823132161 285343747 285411330 285214721 822085633 285280257 285540359 286982153 823853064 285213701 822084623 823854081 285541377 822412316 286785553 823656452 285736973 285605897 823657474 286064666 823329800 285345793 287047688 823918602 285279236 822150161 823460869 
1059:286392351 823263233 285280257 822151169 285868048 286261278 822936602 285344772 822215697 823067668 285345793 285214721 822085633 286720022 823590914 286326815 823197697 823329802 285540358 286523421 823394305 822871068 286982156 823853062 285671433 286851089 823721988 285213702 822084620 285672449 822543390 285737985 822608927 285605895 285410307 822281236 823460870 287047689 823918600 287114241 823985153 823526405 823723010 287113224 823984138 285279237 822150159 286457886 823328769 285803521 822674463 285212674 285541378 822412314 286064664 285606913 822477852 285411329 285869057 822739999 285409283 286195740 286785555 823656451 822805534 823264268 823133201 823591940 285802509 823854082 823657475 285343747 286916622 823787525 823198735 285736971 823395336 823788546 823919617 285474820 286588955 823459842 285475842 822346775 286654489 823525378 285999125 285933586 285278210 286130202 823002135 
1060:823526406 823657476 286457887 823328769 823788546 823133204 285869057 822739999 285605894 823067671 286261276 823591941 285212673 285540356 285409283 285214721 822085633 823329804 823854082 822871070 285279238 822150156 285737985 822608926 286588957 823459841 286326814 285411329 286916625 823787524 286982158 823853061 823198737 286064661 285410308 822281233 285868045 285541378 822412311 285278210 285280257 822151169 286392351 823263233 822936604 285474819 823460872 286654491 823525378 285999122 285736969 285606914 822477850 286130200 285802507 285934593 822805535 285345793 822216705 285344773 822215695 286851091 823721987 285933584 823395338 286720025 823590914 287047692 823918598 823264271 285803521 822674463 285672449 822543388 823985153 823723011 285671431 285475843 822346772 823002138 285343746 287113225 823984136 286785558 823656450 286195738 285213704 822084618 286523422 823394305 823919618 
1061:823919618 285605892 822085633 823198740 285279240 822150154 823854082 823264273 286195736 823002140 823395340 285803521 822674462 285474819 285409282 286654493 823525377 285278209 823723012 286851094 823721986 286000129 822871071 285213705 822084616 286720027 823590914 285999120 286130197 287113228 823984134 286982161 823853060 823657477 286064658 286392350 285212673 823985154 286785561 823656450 286523423 823394305 285933581 286457887 823328769 285736967 285343746 823133207 286261274 285345793 822216705 823591942 285671430 285672450 822543386 286916627 823787523 285868043 285737985 822608924 287047694 823918597 823788547 286326812 286588958 823459841 285475844 822346769 285540355 285541379 822412308 285410309 822281231 285344774 822215692 285869057 822739999 822936606 285606914 822477847 285280257 822151169 285802505 823526408 285411329 822282241 823329807 285934593 822805535 823067674 823460874 
1062:285933579 286195733 285411329 822282241 286326810 285541380 822412305 285606915 822477844 285409282 823002142 286523423 823394305 823919618 822151169 285278209 285999117 285605891 286588959 823459841 286851097 823721986 285736966 823133210 823657478 285934593 822805535 286261272 823985154 286130194 286064656 285279241 822150152 823067676 285671428 285410310 822281228 823264276 285868041 823854083 286982163 823853059 823788548 285212673 822083585 823723013 287047697 823918596 823591944 286654494 823525377 285737986 822608922 285345793 822216705 286392348 285213708 822084614 285869057 822739998 823329809 285672450 822543383 823526410 286000129 822871071 286916630 823787522 285343745 286720029 823590913 286457886 822085634 286785563 823656450 285474818 285802503 285475845 822346767 823395343 823198743 287113230 823984133 286065665 822936607 285803521 822674460 285540355 285344776 822215690 823460876 
1063:285606916 822477841 823198746 823723014 285802502 285541381 822412303 285803522 822674458 823133212 823657480 287113233 823984132 287047699 823918595 285737986 822608919 285213710 822084613 286130192 823526412 286523422 285278209 822149121 823919619 823591946 286131201 823002143 285279244 822150150 823264279 823985154 285934593 822805534 286392346 286851099 823721986 285736964 285344777 822215688 286195730 285869057 822739996 285999115 286261269 823067678 285605891 286916633 823787522 286064653 285212673 822083585 286065665 822936607 285868039 286326808 823854084 285410312 822281226 286785565 823656449 285672451 822543380 285475846 822346764 285474818 286457884 285409281 285540354 285933577 822085634 823788549 823329812 286720030 823590913 285671427 286982166 823853058 822151170 822216705 286654495 823525377 286000129 822871071 286588959 823459841 285411329 822282241 823460879 823395345 285343745 
1064:285672452 822543377 287047702 823918594 285736963 286196737 823067679 823526415 285934593 822805532 823395348 823919620 286982169 823853058 285869058 822739994 285671427 823854085 285541382 822412300 286916635 823787522 286131201 823002143 823329815 285212673 822083585 285213713 822084612 285474817 823657482 285999113 285343745 822214657 285605890 285540354 285278209 822149121 823985155 822151170 286261266 287113235 823984131 286064651 286130189 286000129 822871070 286392344 285279246 822150149 822085634 286588958 823591948 823723016 285868038 823788550 285606917 822477839 285737987 822608916 286326805 285803522 822674455 823198748 822282241 286523420 285475848 822346762 286457882 285802500 286195728 286851101 823721985 285344780 822215686 285409281 823264282 286065665 822936607 285410313 822281224 286720031 823590913 823460881 822216706 286785566 823656449 823133214 285933575 286654495 823525377 
1065:286262273 823133215 285541384 822412298 285213715 822084611 285672453 822543375 286588956 823723018 822282242 286457880 823985156 286196737 823067679 287113238 823984130 286916637 823787521 286982171 823853058 285736963 285605890 286195725 823526417 286261264 285933574 285803523 822674452 285474817 822083585 285934594 822805530 823198750 286326802 285737988 822608913 822085635 822151170 285278209 822149121 285540353 286720031 823590913 286000129 822871068 286851102 823721985 823395351 285802499 823591951 823329818 823657484 822216706 823460884 285868036 287047705 823918594 286785567 823656449 285343745 822214657 285344782 822215685 823919621 286130187 286064649 823854086 823264284 286654494 285410316 822281222 285999111 285671426 285606918 822477836 285869058 822739991 286523418 285475849 822346760 285409281 822280193 286131201 823002143 823788552 286392341 286065665 822936606 285279249 822150148 
1066:287047707 823918594 823919622 285736962 285410318 822281221 285606920 822477834 822151171 285213718 822084610 286720030 286654492 822085636 823788554 286457877 823526420 285671426 286065665 822936604 286326800 822216706 285737989 822608911 285869059 822739988 823460887 823395354 286982173 823853057 285933572 286195723 286261261 285605889 285672454 822543372 286327809 823198751 822149121 285540353 285343745 822214657 285541385 822412296 286196737 823067679 285344785 822215684 822282242 287113241 823984130 286130185 285934594 822805527 823657487 286523416 285803524 822674449 823329820 286916638 823787521 286851103 823721985 286392338 285279251 822150147 285474817 822345729 286131201 823002142 286262273 823133215 823723020 822083586 286000130 822871066 285999110 285868035 285802499 286588954 285409281 822280193 286785567 823656449 823264286 286064647 823985157 285475852 822346758 823591953 823854088 
1067:823395356 285279254 822150146 285344787 822215683 287047709 823918593 286588952 285671425 285802498 286326797 286196737 823067678 287113243 823984130 822151172 823723023 286982174 823853057 286130183 823526423 285213721 822084610 285409281 822280193 286195721 822214657 286523413 285541388 822412294 823919624 286785566 822083586 823854090 286262273 823133215 286916639 823787521 286720028 286457874 822282242 286261259 286065666 822936602 286327809 823198751 285475854 822346757 285410321 822281220 823788556 286654490 823591956 285672456 822543370 286851103 823721985 822216707 823985158 285736962 285869060 822739985 285474817 822345729 285933571 286000130 822871063 286064646 285934595 822805524 286392336 285803525 822674447 285999108 285540353 822411265 286393345 823264287 823329822 285605889 285606921 822477832 285868035 823657489 286131201 823002140 822149122 285737990 822608908 822085637 823460890 
1068:286851102 286393345 823264287 286457872 285999107 823723025 285736961 286982175 823853057 286326795 286064644 822083586 286720026 822214658 285344790 822215682 822149122 285474817 822345729 286458881 823329823 286785564 285541390 822412293 286131202 823002138 285475857 822346756 823395358 286588949 823919626 285605889 822476801 286392333 286654488 285803526 822674444 287113245 823984129 286065666 822936599 286195719 285671425 822282243 285672457 822543368 823460892 285279257 822150146 823591959 285737992 822608906 285410323 822281219 285933571 823657492 286000131 822871060 822085638 285213723 822084610 823985160 286916639 823787521 285540353 822411265 822151173 285934596 822805521 285802498 285869061 822739983 286261257 286130182 823526426 287047710 823918593 286523410 823854092 286196737 823067676 286262273 823133214 286327809 823198751 823788559 285606924 822477830 822280193 285868034 822216708 
1069:286982175 823853057 823526428 286327809 823198750 286588946 822085640 822214658 285868034 285803528 822674442 285672460 822543366 822083587 822216709 286131202 823002135 285606926 822477829 286326793 286195718 287113246 823984129 285869062 822739980 285540353 822411265 822282244 823985162 286196738 823067674 286130180 286720024 822151174 285213725 822084609 823460894 822280194 286458881 823329823 823854095 286916638 285802497 285737993 822608904 823657495 823591962 285736961 286065667 822936596 286851100 287047711 823918593 286457869 285541393 822412292 822345729 286261255 823723028 285933570 822149122 286000132 822871057 285410326 822281218 286785562 285605889 822476801 285344793 822215682 285671425 822542337 823919628 285934597 822805519 286654485 286064643 285279259 822150146 285475859 822346755 286393345 823264287 286262273 823133212 823788561 286523408 285999107 286524417 823395359 286392331 
1070:822282245 286589953 823460895 285736961 822607873 286785560 286588944 285868033 286130179 286196738 823067671 823723031 286392329 286457867 286720021 286326791 286261254 286131203 823002132 822083588 286524417 823395359 822085642 286851098 822214658 286982174 286064643 285933570 285344795 822215682 286327809 823198748 286654482 285279261 822150145 822149123 823919631 285803529 822674440 285410329 822281218 285605889 822476801 287047711 823918593 285475862 822346754 823985164 285671425 822542337 822151176 286000133 822871055 285737996 822608902 285869064 822739978 286195716 286458881 823329823 285934598 822805516 823591964 822411265 285999106 287113247 823984129 823657498 285541395 822412291 286393345 823264286 285672462 822543365 286262274 823133210 286916636 823526430 286523405 285606929 822477828 822216710 286065668 822936593 822280194 823788564 285802497 823854097 822345730 285213726 822084609 
1071:286326790 822476801 822214659 286393345 823264284 286130179 285279262 822150145 822282246 285475865 822346754 823657500 286327810 823198746 285344797 822215681 285213727 822084609 286588941 823854100 823788567 822280194 285736961 822607873 285869065 822739976 286720018 286392327 286261252 285933569 285606931 822477827 822411266 286589953 823460895 285672465 822543364 822151178 285934600 822805514 286131204 823002129 286196739 823067668 286785557 823985167 285541398 822412290 822083589 286982172 286457865 286916634 286064642 823919633 286065669 822936591 286523403 286524417 823395359 285410331 822281218 285803532 822674438 286654480 285737998 822608901 286195715 286458881 823329822 823591966 285671425 822542337 822085644 286000134 822871052 822216712 822345730 286655489 823526431 285802497 822673409 823723034 285868033 287113247 823984129 287047710 286851096 822149124 286262274 823133207 285999106 
1072:286195715 285999105 822083590 285279263 822150145 286262275 823133204 285738001 822608900 822345730 823985169 286655489 823526431 286131205 823002127 286261251 287113246 286721025 823591967 286982170 822214660 286393346 823264282 822280195 286458881 823329820 822476802 286130178 285344798 822215681 285934601 822805512 285213727 822084609 286589953 823460895 286392326 822151180 286524417 823395358 286851093 286196740 823067665 823657502 285802497 822673409 285736961 822607873 286327810 823198743 286654477 822149125 285541401 822412290 286588939 287047708 823788570 822411266 822085647 285410333 822281217 286064642 286720016 285672467 822543363 823919636 285803534 822674437 285606934 822477826 286916632 285868033 822738945 286457863 286523401 822216714 823854103 823723036 286000136 822871050 822542337 285869068 822739974 286065670 822936588 286785554 285475867 822346754 285933569 286326788 822282248 
1073:285541403 822412290 822411266 822607873 285802497 822673409 286655489 823526431 286392324 822476802 822083592 286000137 822871048 285803537 822674436 285344799 822215681 286065672 822936586 823854106 822149126 285934604 822805510 285999105 286195714 286064641 286130178 286785552 823919639 286523399 287047706 286261251 285213726 285410334 822281217 286326787 286131206 823002124 286327811 823198740 287113244 822345731 285475869 822346753 823723038 286262276 823133201 286196741 823067663 286721025 823591967 285279263 822150145 822216716 285672470 822543362 286588937 823985172 822085649 286589953 823460894 285868033 822738945 286458882 823329818 822282250 286457862 286851090 822280196 285933569 822804481 286786561 823657503 286524417 823395356 285606937 822477826 286654475 286393346 823264279 822542338 286982168 286720013 822151183 823788572 822214661 286916629 285869070 822739973 285738003 822608899 
1074:285606939 822477826 822411267 286654473 286786561 823657503 286458882 823329815 285410335 822281217 285344799 822215681 823788574 822607874 286065673 822936584 285868033 822738945 286851088 286588935 822542338 286393347 823264276 822085652 286261250 286589953 823460892 286655489 823526430 285475870 822346753 822083594 285213724 285999105 822870017 822280197 287047704 286392323 286326787 287113242 286721025 823591967 285541405 822412289 286195714 822282252 286524418 823395354 822673409 286523398 822476802 286982165 286262277 823133199 285803539 822674435 823985175 286064641 822214662 285279262 822149128 286785549 286916626 823919642 822345732 285933569 822804481 286131208 823002122 286327812 823198737 286000140 822871046 822216719 285738006 822608898 286130177 822151185 285672473 822543362 286457860 285869073 822739972 285934606 822805509 286720011 286196742 823067660 286852097 823723039 823854108 
1075:286458883 823329812 822149130 822085655 286851085 822282255 286393348 823264273 286917633 823788575 822216721 822280198 285541406 822412289 285738009 822608898 286852097 823723039 286327813 823198735 286654471 822607874 285803542 822674434 286392323 285606941 822477825 286064641 822935553 822476803 822738945 286655489 823526428 286000142 822871045 286131209 823002120 286589954 823460890 822083596 286457859 286785547 286326786 285999105 822870017 285869075 822739971 287113240 285279260 286262278 823133196 286721025 823591966 285475871 822346753 286786561 823657503 286130177 286588934 286523396 286720009 823919644 285213722 286196744 823067658 286524418 823395351 286982162 286195713 822411268 822214664 823985178 287047701 285934609 822805508 822542338 823854110 822151188 286916624 285672475 822543362 822673410 286261250 822345733 286065676 822936582 285344798 285933569 822804481 285410335 822281217 
1076:822151191 286588932 285410334 286786561 823657502 822738946 286458884 823329809 286130177 823001089 286064641 822935553 286262280 823133194 285999105 822870017 286589954 823460887 286983169 823854111 822345734 286654470 286720007 286261249 823985180 285738011 822608898 286065678 822936581 285344796 285213720 286917633 823788575 286196745 823067656 286457859 286721025 823591964 286916621 285672477 822543361 286982160 286195713 822149132 286851083 287113237 286393349 823264271 285475871 822346753 822083599 286655490 823526426 822804481 286327814 823198732 285869078 822739970 285541407 822412289 286785545 285803545 822674434 822673410 822411269 822542339 823919646 822214666 287047698 285606942 822477825 285279258 822216724 822280200 286000145 822871044 286852097 823723039 822282257 822607874 285934611 822805507 822085658 822476804 286523395 286326786 286524419 823395348 286392322 286131212 823002118 
1077:286721026 823591962 286589955 823460884 286524420 823395345 286523395 286458885 823329807 286457858 822804482 822280202 822542340 285541407 822412289 286654468 822870017 287047696 822411270 286392322 285934614 822805506 286851081 823985182 822345736 822673410 285344794 286195713 823066625 286130177 823001089 287048705 823919647 286720006 822149135 286065681 822936580 286327816 823198730 822607875 286261249 286917633 823788575 286393350 823264268 285279256 285869081 822739970 286786561 823657500 286588931 822216727 286000147 822871043 285606943 822477825 286131214 823002117 285672478 822543361 286982157 822282260 286262281 823133192 286326785 286064641 822935553 822476805 285803547 822674434 822151194 285213717 285738013 822608897 822083601 285410332 286852097 823723038 286785543 822214668 286196748 823067654 822738946 822085660 286983169 823854111 285475870 286916619 287113234 286655490 823526423 
1078:822345738 822085662 285934617 822805506 286130177 823001089 286196750 823067653 286392321 286393352 823264266 285803549 822674433 285869083 822739970 286654467 286851079 286262284 823133190 285410330 286588931 285672479 822543361 286589956 823460881 285606943 822477825 822411272 286524421 823395343 286655491 823526420 822151196 822216730 822476806 822280204 285344792 822607876 286326785 285541406 286916617 822214671 287048705 823919647 285738014 822608897 286261249 823132161 822935553 822804482 286523394 287113232 286721026 823591959 822738946 286917633 823788574 822870018 285279253 286065683 822936579 286720004 286457858 286327817 823198728 822542341 822282263 286983169 823854111 285213714 286852097 823723036 286000150 822871042 822149137 822673411 286458886 823329804 286982155 286786562 823657498 286785542 287047693 287114241 823985183 285475868 822083604 286131217 823002116 286195713 823066625 
1079:822738947 822804482 285475866 286786562 823657495 285738015 822608897 285213712 286589957 823460879 822149140 285803550 822674433 286196753 823067652 822345740 286195713 823066625 287048705 823919647 286852098 823723034 285344789 286458888 823329802 286457857 286326785 823197697 286982153 822607877 822280207 286524422 823395340 285214721 822085663 286262286 823133189 822282266 286327820 823198726 286917633 823788572 286523394 286983169 823854110 286655492 823526417 822673412 822151198 822411274 287047691 286916615 285279250 285410328 286392321 823001089 286720003 286851078 285934619 822805506 286721027 823591956 822214673 822542342 285606942 822083607 822935554 286785540 286588930 287113229 286131219 823002115 285541404 286065686 822936578 287114241 823985183 286000153 822871042 822216732 286261249 823132161 285869085 822739969 286393353 823264264 822476808 822870018 286654467 285672479 822543361 
1080:285214721 822085663 286457857 822738948 285934621 822805505 285672478 286392321 823263233 286393356 823264262 286786563 823657492 286196755 823067651 822214676 286458889 823329800 286785539 286000155 822871042 286588930 286983169 823854108 822149143 822870018 285410325 287114241 823985183 286524424 823395338 286261249 823132161 822083610 822804483 285803551 822674433 285344786 285279248 822542344 286721028 823591953 286917634 823788570 287047689 286262289 823133188 822345743 822216734 285738015 822608897 286654466 823066625 822935554 285280257 822151199 286655493 823526415 285541402 822607878 286327822 823198725 287048705 823919646 285213709 286131222 823002114 286982151 822476810 286589958 823460876 285475864 286065689 822936578 285606940 285869086 822739969 822411276 822673413 287113227 823001090 822280209 286851076 286852098 823723031 822282268 286326785 823197697 286720003 286916614 286523393 
1081:286983170 823854106 286654466 286785539 285344784 286720002 286786564 823657489 286196758 823067650 286982150 285738014 822282270 286852099 823723028 286523393 287047687 285410322 286457857 823328769 285475861 823066626 822870019 286393358 823264261 286589960 823460874 286327825 823198724 822214679 822083612 285280257 822151199 285541400 286392321 823263233 822738949 286458892 823329798 823001090 287048705 823919644 285803551 822674433 822476812 822804484 822542346 286851075 285214721 822085663 286326785 823197697 286588929 822673414 286000157 822871041 286655494 823526412 822280212 285672476 285934622 822805505 823132161 286916612 285213707 286262291 823133187 285345793 822216735 286065691 822936578 285279245 286917634 823788567 287114241 823985182 822411279 287113225 286131225 823002114 286721029 823591951 286524425 823395336 822345745 822607880 285869087 822739969 822935554 285606938 822149146 
1082:285738012 285541397 822542348 286851075 822607882 286785538 285803550 286065693 822936577 286916611 286589961 823460872 822804485 823197697 286720002 286131227 823002114 286000158 822871041 287114241 823985180 286721030 823591948 286655496 823526410 286393361 823264260 822870020 823001090 285214721 822085662 285345793 822216735 822280215 285475858 822673416 285280257 822151199 285213705 285672474 285869087 822739969 286982148 286196761 823067650 285411329 822282271 286457857 823328769 286786565 823657487 286524428 823395334 286983170 823854103 822214682 286458894 823329797 822476815 822345748 287048706 823919642 285279243 285606936 822738950 822935555 823066626 286588929 286262294 823133186 287113223 822083614 822149148 287047686 286327827 823198723 286392321 823263233 822411281 286523393 823394305 285410320 286917635 823788564 285934623 822805505 285344781 286852100 823723025 286654465 823132162 
1083:822214684 822673418 822870021 286457857 823328769 285869086 286786566 823657484 822935556 286393363 823264259 823132162 286523393 823394305 285344779 285803548 823263233 285672472 285279241 286851074 286852101 823723023 823001091 287047684 285345793 822216735 286588929 823459841 286983171 823854100 822411284 285411329 822282271 822280218 286982147 286065694 822936577 285606933 286654465 822345751 285934623 822805505 822804486 286000159 822871041 285475856 822149150 822476817 287113222 823197698 285280257 822151198 286917636 823788561 286262297 823133186 286196763 823067650 285738010 285410317 822542351 286916611 286721032 823591946 286131229 823002113 287048706 823919639 285212673 822083615 286589964 823460870 285213703 286524430 823395333 286785538 286655497 823526408 285541394 286458897 823329796 822607884 286720001 822738952 286327830 823198722 285214721 822085660 287114242 823985178 823066626 