0 14 0 481
0 26 0 481
1 7 0 482
0 23 0 489
2 2 0 489
0 5 0 496
0 12 0 497
1 22 0 497
0 10 0 504
0 20 0 504
1 11 0 504
1 29 0 505
0 6 0 511
0 20 0 511
0 20 0 519
0 27 0 519
1 22 0 519
0 21 0 526
1 24 0 527
0 17 0 534
0 0 0 541
0 19 0 541
1 15 0 542
0 10 0 549
0 18 0 549
1 8 0 549
0 23 0 556
1 9 0 557
0 19 0 564
0 26 0 564
1 19 0 564
0 14 0 571
0 29 0 572
2 3 0 572
0 17 0 579
0 29 0 579
1 23 0 580
0 27 0 586
1 19 0 587
0 11 0 594
1 6 0 594
1 26 0 595
0 27 0 602
1 28 0 602
0 16 0 609
1 13 0 609
0 14 0 616
1 13 0 617
1 20 0 617
1 15 0 624
0 14 0 632
0 28 0 632
1 19 0 632
0 9 0 639
0 29 0 639
4 22 0 640
0 2 1 640
0 3 1 640
0 5 1 640
0 6 1 641
0 7 1 641
0 11 1 641
0 14 1 641
0 18 1 641
1 18 1 642
1 21 1 642
1 25 1 642
1 28 1 642
1 29 1 642
2 1 1 643
1 23 0 643
1 20 0 647
0 10 0 654
1 18 0 654
0 22 0 662
1 6 0 662
0 7 0 669
0 23 0 669
1 18 0 670
1 25 0 670
0 14 0 677
1 26 0 677
0 18 0 684
1 21 0 685
0 24 0 692
1 15 0 692
0 11 0 699
1 23 0 700
0 5 0 707
0 18 0 707
1 15 0 707
1 1 0 714
1 11 0 715
0 9 0 722
0 19 0 722
1 11 0 722
0 14 0 729
1 10 0 730
0 10 0 737
0 20 0 737
1 19 0 737
0 4 0 744
0 24 0 745
1 25 0 745
0 21 0 752
1 23 0 752
0 8 0 759
1 16 0 760
0 6 0 767
0 24 0 767
1 11 0 768
0 18 0 774
0 29 0 775
1 10 0 775
1 17 0 775
0 24 0 782
1 22 0 782
0 16 0 789
1 12 0 790
0 10 0 797
0 25 0 797
1 12 0 798
2 2 0 798
1 2 0 805
0 14 0 812
1 15 0 812
0 0 0 819
0 29 0 820
1 14 0 820
1 26 0 820
1 3 0 827
1 14 0 827
0 10 0 835
0 14 0 836
0 22 0 836
1 22 0 836
0 5 0 842
0 24 0 842
0 5 0 850
0 14 0 850
1 16 0 850
1 18 0 857
0 18 0 865
0 28 0 865
1 25 0 865
0 20 0 872
1 24 0 873
2 1 0 873
0 11 0 880
0 23 0 880
0 10 0 887
0 18 0 887
1 23 0 888
0 11 0 895
1 20 0 895
0 24 0 902
0 17 0 910
0 25 0 910
0 29 0 917
1 20 0 918
0 14 0 925
0 26 0 925
0 8 0 932
1 19 0 933
0 3 0 940
0 16 0 940
0 29 0 940
1 21 0 941
1 13 0 947
1 24 0 948
0 10 0 955
1 18 0 955
0 13 0 962
1 20 0 963
0 12 0 970
0 24 0 970
1 3 0 970
1 25 0 971
0 22 0 978
1 15 0 978
0 7 0 985
0 10 0 985
0 26 0 986
1 7 0 986
0 0 0 992
0 21 0 993
1 15 0 993
1 25 0 993
1 12 0 1000
1 21 0 1001
0 21 0 1008
0 24 0 1008
1 6 0 1008
1 23 0 1008
0 5 0 1015
1 13 0 1015
0 7 0 1023
1 6 0 1023
1 25 0 1023
0 18 0 1030
1 16 0 1031
0 8 0 1038
0 22 0 1038
1 19 0 1038
0 17 0 1045
0 6 0 1053
0 21 0 1053
1 14 0 1053
1 29 0 1054
1 4 0 1060
0 6 0 1068
1 1 0 1068
0 15 0 1075
1 13 0 1076
1 1 0 1083
1 24 0 1083
0 19 0 1090
1 27 0 1091
0 14 0 1098
1 1 0 1098
1 24 0 1098
0 3 0 1105
1 14 0 1106
1 24 0 1106
0 24 0 1113
0 2 0 1120
0 21 0 1121
0 3 0 1128
0 22 0 1128
1 20 0 1128
0 28 0 1135
1 16 0 1136
0 8 0 1143
1 2 0 1143
0 6 0 1150
1 16 0 1151
0 6 0 1158
1 11 0 1158
1 26 0 1159
0 28 0 1166
2 3 0 1166
1 3 0 1173
0 20 1 1173
4 1 0 1174
1 1 0 1175
0 28 1 1175
1 0 1 1175
4 19 0 1176
1 1 0 1176
12 16 0 1176
0 1 0 1177
1 13 1 1177
1 15 1 1177
1 3 0 1177
4 1 0 1178
4 1 0 1178
1 24 1 1178
4 1 0 1181
4 16 0 1212
0 20 1 1213
4 16 0 1213
4 1 0 1213
1 17 1 1214
4 20 0 1214
0 8 0 1215
12 21 0 1215
12 2 0 1215
2 0 1 1216
2 1 1 1216
2 2 1 1216
2 3 1 1216
0 0 1 1249
0 2 1 1249
4 1 0 1249
4 21 0 1249
4 1 0 1250
4 1 0 1250
4 1 0 1250
1 1 0 1250
1 1 0 1250
1 1 0 1250
1 1 0 1250
1 1 0 1250
1 1 0 1250
1 1 0 1250
1 1 0 1250
1 1 0 1250
1 1 0 1250
1 1 0 1250
1 1 0 1250
1 1 0 1250
1 1 0 1250
1 1 0 1250
1 1 0 1250
1 1 0 1250
1 1 0 1250
1 1 0 1250
1 1 0 1250
1 1 0 1250
1 1 0 1250
1 1 0 1250
1 1 0 1250
1 1 0 1250
1 1 0 1250
1 1 0 1250
1 1 0 1250
1 1 0 1250
1 1 0 1250
1 1 0 1250
1 1 0 1250
1 1 0 1250
4 1 0 1250
4 1 0 1250
4 1 0 1250
4 1 0 1250
4 1 0 1250
4 1 0 1250
4 1 0 1250
4 1 0 1250
4 1 0 1250
4 1 0 1250
4 1 0 1250
4 1 0 1250
4 1 0 1250
4 1 0 1250
4 1 0 1250
4 1 0 1250
4 1 0 1250
4 1 0 1250
4 1 0 1250
4 1 0 1250
4 1 0 1250
4 1 0 1250
4 1 0 1250
4 1 0 1250
4 1 0 1250
4 1 0 1250
4 1 0 1250
4 1 0 1250
4 1 0 1250
4 1 0 1250
4 1 0 1250
4 1 0 1250
4 1 0 1250
0 1 0 1250
0 1 0 1250
0 1 0 1250
0 1 0 1250
0 1 0 1250
0 1 0 1250
0 1 0 1250
0 1 0 1250
0 1 0 1250
0 1 0 1250
0 1 0 1250
0 1 0 1250
0 1 0 1250
0 1 0 1250
0 1 0 1250
0 1 0 1250
0 1 0 1250
0 1 0 1250
0 1 0 1250
0 1 0 1250
0 1 0 1250
0 1 0 1250
0 1 0 1250
0 1 0 1250
0 1 0 1250
0 1 0 1250
0 1 0 1250
0 1 0 1250
0 1 0 1250
0 1 0 1250
0 1 0 1250
0 1 0 1250
0 1 0 1250
4 1 0 1250
4 1 0 1250
4 1 0 1250
4 1 0 1250
4 1 0 1250
4 1 0 1250
4 1 0 1250
4 1 0 1250
4 1 0 1250
4 1 0 1250
4 1 0 1250
4 1 0 1250
4 1 0 1250
4 1 0 1250
4 1 0 1250
4 1 0 1250
4 1 0 1250
4 1 0 1250
4 1 0 1250
4 1 0 1250
4 1 0 1250
4 1 0 1250
4 1 0 1250
4 1 0 1250
4 1 0 1250
4 1 0 1250
4 1 0 1250
4 1 0 1250
4 1 0 1250
4 1 0 1250
4 1 0 1250
4 1 0 1250
4 1 0 1250
4 1 0 1250
4 1 0 1250
4 1 0 1250
4 1 0 1250
4 1 0 1250
4 1 0 1250
4 1 0 1250
4 1 0 1250
4 1 0 1250
4 1 0 1250
4 1 0 1250
4 1 0 1250
4 1 0 1250
4 1 0 1250
4 1 0 1250
4 1 0 1250
4 1 0 1250
4 1 0 1250
4 1 0 1250
4 1 0 1250
4 1 0 1250
4 1 0 1250
4 1 0 1250
4 1 0 1250
4 1 0 1250
4 1 0 1250
4 1 0 1250
4 1 0 1250
4 1 0 1250
4 1 0 1250
4 1 0 1250
4 1 0 1250
4 1 0 1250
0 25 0 1250
0 25 0 1250
0 25 0 1250
0 25 0 1250
0 25 0 1250
0 25 0 1250
0 25 0 1250
0 25 0 1250
0 25 0 1250
0 25 0 1250
0 25 0 1250
0 25 0 1250
0 25 0 1250
0 25 0 1250
0 25 0 1250
0 25 0 1250
0 25 0 1250
0 25 0 1250
0 25 0 1250
0 25 0 1250
0 25 0 1250
0 25 0 1250
0 25 0 1250
0 25 0 1250
0 25 0 1250
0 25 0 1250
0 25 0 1250
0 25 0 1250
0 25 0 1250
0 25 0 1250
0 25 0 1250
0 25 0 1250
0 25 0 1250
4 1 0 1250
4 1 0 1250
4 1 0 1250
4 1 0 1250
4 1 0 1250
4 1 0 1250
4 1 0 1250
4 1 0 1250
4 1 0 1250
4 1 0 1250
4 1 0 1250
4 1 0 1250
4 1 0 1250
4 1 0 1250
4 1 0 1250
4 1 0 1250
4 1 0 1250
4 1 0 1250
4 1 0 1250
4 1 0 1250
4 1 0 1250
4 1 0 1250
4 1 0 1250
4 1 0 1250
4 1 0 1250
4 1 0 1250
4 1 0 1250
4 1 0 1250
4 1 0 1250
4 1 0 1250
4 1 0 1250
4 1 0 1250
4 1 0 1250
4 1 0 1250
4 1 0 1250
4 1 0 1250
4 1 0 1250
4 1 0 1250
4 1 0 1250
4 1 0 1250
4 1 0 1250
4 1 0 1250
4 1 0 1250
4 1 0 1250
4 1 0 1250
4 1 0 1250
4 1 0 1250
4 1 0 1250
4 1 0 1250
4 1 0 1250
4 1 0 1250
4 1 0 1250
4 1 0 1250
4 1 0 1250
4 1 0 1250
4 1 0 1250
4 1 0 1250
4 1 0 1250
4 1 0 1250
4 1 0 1250
4 1 0 1250
4 1 0 1250
4 1 0 1250
4 1 0 1250
4 1 0 1250
4 1 0 1250
12 1 0 1250
12 1 0 1250
12 1 0 1250
12 1 0 1250
12 1 0 1250
12 1 0 1250
12 1 0 1250
12 1 0 1250
12 1 0 1250
12 1 0 1250
12 1 0 1250
12 1 0 1250
12 1 0 1250
12 1 0 1250
12 1 0 1250
12 1 0 1250
12 1 0 1250
12 1 0 1250
12 1 0 1250
12 1 0 1250
12 1 0 1250
12 1 0 1250
12 1 0 1250
12 1 0 1250
12 1 0 1250
12 1 0 1250
12 1 0 1250
12 1 0 1250
12 1 0 1250
12 1 0 1250
12 1 0 1250
12 1 0 1250
12 1 0 1250
0 1 0 1250
0 1 0 1250
0 1 0 1250
0 1 0 1250
0 1 0 1250
0 1 0 1250
0 1 0 1250
0 1 0 1250
0 1 0 1250
0 1 0 1250
0 1 0 1250
0 1 0 1250
0 1 0 1250
0 1 0 1250
0 1 0 1250
0 1 0 1250
0 1 0 1250
0 1 0 1250
0 1 0 1250
0 1 0 1250
0 1 0 1250
0 1 0 1250
0 1 0 1250
0 1 0 1250
0 1 0 1250
0 1 0 1250
0 1 0 1250
0 1 0 1250
0 1 0 1250
0 1 0 1250
0 1 0 1250
0 1 0 1250
0 1 0 1250
4 19 0 1250
4 19 0 1250
4 19 0 1250
4 19 0 1250
4 19 0 1250
4 19 0 1250
4 19 0 1250
4 19 0 1250
4 19 0 1250
4 19 0 1250
4 19 0 1250
4 19 0 1250
4 19 0 1250
4 19 0 1250
4 19 0 1250
4 19 0 1250
4 19 0 1250
4 19 0 1250
4 19 0 1250
4 19 0 1250
4 19 0 1250
4 19 0 1250
4 19 0 1250
4 19 0 1250
4 19 0 1250
4 19 0 1250
4 19 0 1250
4 19 0 1250
4 19 0 1250
4 19 0 1250
4 19 0 1250
1 6 1 1251
1 11 1 1251
4 6 0 1252
1 14 1 1252
0 16 0 1252
4 4 0 1253
12 1 0 1259
12 2 0 1259
4 12 0 1259
12 29 0 1260
1 28 1 1260
2 0 1 1260
0 0 1 1301
0 1 1 1301
0 2 1 1301
0 11 1 1302
0 15 1 1302
1 10 1 1302
1 15 1 1303
1 24 1 1303
1 25 1 1303
1 26 1 1303
1 28 1 1303
1 29 1 1303
2 0 1 1303
2 1 1 1304
1 2 0 1304
0 6 0 1304
0 15 0 1304
1 6 0 1305
0 15 0 1312
1 20 0 1312
0 17 0 1319
1 8 0 1320
0 27 0 1327
0 24 0 1334
0 9 0 1342
0 16 0 1342
1 25 0 1342
0 14 0 1349
0 27 0 1350
1 19 0 1350
0 1 0 1357
0 19 0 1357
1 13 0 1357
0 4 0 1364
0 13 0 1365
1 11 0 1365
1 18 0 1365
0 27 0 1372
2 3 0 1372
0 11 0 1379
0 15 0 1380
1 22 0 1380
0 5 0 1387
0 23 0 1387
1 23 0 1387
0 11 0 1394
1 19 0 1395
0 9 0 1402
0 16 0 1402
0 25 0 1409
1 23 0 1410
0 21 0 1417
1 19 0 1417
0 11 0 1424
1 18 0 1425
0 5 0 1432
0 24 0 1432
1 5 0 1433
0 9 0 1440
0 18 0 1440
1 13 0 1440
1 2 0 1447
2 3 0 1447
0 9 0 1455
0 24 0 1455
2 0 0 1455
0 17 0 1462
0 22 0 1462
1 26 0 1463
0 19 0 1470
1 29 0 1470
0 7 0 1477
1 18 0 1478
1 12 0 1485
0 16 0 1492
1 16 0 1492
0 11 0 1500
0 14 0 1500
1 12 0 1500
1 21 0 1501
0 8 0 1507
0 27 0 1507
2 3 0 1508
0 24 0 1515
1 11 0 1515
1 19 0 1516
0 5 0 1522
1 6 0 1523
1 21 0 1523
1 17 0 1530
0 11 0 1537
0 16 0 1538
1 26 0 1538
1 9 0 1545
1 26 0 1545
0 12 0 1552
0 25 0 1553
1 12 0 1553
0 5 0 1560
0 22 0 1560
1 9 0 1560
0 1 0 1567
1 16 0 1568
0 1 0 1575
0 15 0 1575
0 29 0 1575
0 5 0 1582
0 3 0 1590
1 6 0 1590
0 4 0 1597
0 11 0 1598
0 26 0 1598
1 25 0 1598
0 18 0 1605
0 29 0 1605
1 12 0 1606
0 11 0 1613
0 28 0 1613
1 16 0 1613
0 22 0 1620
1 26 0 1620
0 6 0 1628
1 3 0 1628
0 7 0 1635
0 14 0 1635
0 28 0 1636
1 13 0 1636
0 12 0 1643
0 1 0 1650
0 9 0 1650
1 16 0 1651
1 14 0 1658
0 17 0 1665
0 25 0 1665
0 15 0 1673
1 4 0 1673
1 20 0 1673
0 11 0 1680
0 7 0 1688
0 10 0 1688
0 18 0 1688
1 8 0 1689
0 5 0 1695
0 25 0 1695
0 2 0 1703
0 25 0 1703
1 15 0 1703
0 8 0 1710
0 29 0 1711
1 21 0 1718
0 1 0 1725
0 11 0 1726
0 24 0 1726
1 22 0 1726
0 22 0 1733
1 16 0 1733
0 6 0 1740
1 7 0 1741
0 17 0 1748
1 15 0 1748
0 12 0 1755
1 20 0 1756
0 19 0 1763
1 26 0 1763
0 11 0 1770
1 21 0 1771
0 3 0 1778
0 29 0 1778
1 21 0 1779
0 4 0 1786
0 27 0 1786
1 26 0 1786
0 14 0 1793
0 23 0 1793
1 15 0 1794
0 9 0 1801
0 17 0 1801
1 6 0 1801
1 20 0 1808
1 27 0 1808
0 4 0 1816
1 11 0 1816
1 20 0 1816
0 4 0 1823
0 18 0 1823
1 6 0 1824
1 25 0 1824
0 6 0 1831
0 27 0 1831
1 20 0 1831
2 2 0 1832
0 8 1 1838
0 10 1 1838
0 13 1 1839
0 14 1 1839
0 15 1 1839
0 18 1 1839
0 19 1 1839
0 21 1 1839
0 22 1 1839
0 23 1 1839
0 25 1 1840
1 3 1 1840
4 4 0 1840
4 23 0 1840
12 2 0 1840
4 21 0 1841
0 10 1 1885
0 6 0 1885
4 19 0 1886
1 8 1 1886
4 16 0 1887
4 25 0 1887
2 2 0 1887
12 11 0 1888
0 1 0 1888
12 28 0 1888
1 21 1 1888
1 22 1 1888
1 23 1 1889
1 24 1 1889
1 27 1 1889
2 0 1 1889
2 2 1 1889
1 7 0 1889
0 29 0 1890
1 22 0 1890
0 7 0 1897
0 17 0 1897
1 26 0 1898
0 29 0 1905
1 21 0 1905
1 28 0 1905
1 7 0 1912
0 17 0 1920
0 27 0 1920
1 14 0 1920
0 10 0 1927
2 1 0 1928
0 14 0 1935
0 27 0 1935
1 4 0 1935
1 18 0 1936
0 14 0 1942
1 4 0 1943
0 12 0 1950
0 25 0 1950
2 3 0 1950
0 13 0 1957
1 9 0 1958
0 9 0 1965
0 28 0 1965
1 12 0 1965
1 25 0 1966
0 5 0 1972
1 11 0 1973
0 10 0 1980
1 8 0 1980
1 20 0 1980
0 10 0 1987
1 22 0 1988
0 13 0 1995
1 3 0 1995
0 16 0 2002
1 4 0 2003
1 23 0 2003
0 26 0 2010
1 4 0 2010
1 28 0 2011
1 18 0 2018
0 8 0 2025
0 26 0 2025
1 11 0 2026
0 5 0 2032
1 21 0 2033
0 28 0 2040
0 4 0 2047
0 13 0 2048
0 24 0 2048
0 1 0 2055
0 10 0 2055
0 19 0 2055
1 12 0 2056
1 28 0 2056
0 8 0 2063
0 22 0 2063
2 3 0 2063
1 4 0 2070
1 29 0 2071
0 20 0 2078
0 29 0 2078
1 17 0 2078
0 4 0 2085
0 16 0 2085
1 7 0 2086
1 21 0 2086
0 0 0 2093
0 28 0 2093
1 19 0 2093
0 12 0 2100
1 8 0 2100
0 8 0 2108
1 17 0 2108
0 6 0 2115
0 22 0 2115
0 25 0 2116
0 29 0 2116
1 14 0 2116
0 15 0 2123
1 29 0 2123
0 20 0 2130
1 9 0 2131
1 17 0 2131
0 14 0 2138
1 17 0 2138
2 3 0 2138
0 9 0 2145
1 21 0 2146
1 18 0 2153
0 7 0 2160
0 17 0 2161
1 8 0 2161
0 9 0 2168
0 18 0 2175
1 7 0 2176
1 20 0 2176
0 25 0 2183
0 2 0 2190
0 12 0 2191
1 8 0 2191
1 28 0 2191
1 21 0 2198
0 18 0 2206
0 27 0 2206
1 22 0 2206
0 25 0 2213
1 15 0 2213
0 9 0 2220
0 26 0 2221
1 17 0 2221
0 11 0 2228
1 7 0 2228
0 13 0 2236
0 27 0 2236
1 28 0 2236
0 10 0 2243
1 11 0 2243
1 24 0 2244
0 14 0 2251
0 28 0 2251
1 20 0 2251
1 2 0 2258
1 19 0 2258
0 22 0 2266
1 6 0 2266
1 22 0 2266
0 29 0 2273
1 22 0 2274
0 8 0 2281
0 28 0 2281
1 29 0 2281
0 25 0 2288
1 11 0 2289
1 22 0 2289
0 28 0 2296
1 20 0 2296
1 29 0 2296
0 7 0 2303
0 13 0 2304
0 21 0 2304
1 19 0 2304
0 28 0 2311
1 21 0 2311
0 4 0 2318
1 5 0 2319
1 28 0 2319
0 24 0 2326
1 29 0 2326
0 20 0 2333
1 29 0 2334
0 14 0 2341
0 16 0 2348
2 0 0 2349
0 7 0 2356
0 21 0 2356
0 0 1 2356
0 9 0 2357
12 1 0 2357
4 6 0 2443
4 1 0 2443
1 11 0 2444
4 10 0 2444
4 14 0 2444
12 5 0 2452
4 6 0 2452
1 10 1 2452
1 11 1 2452
1 12 1 2452
1 13 1 2452
1 17 1 2453
1 19 1 2459
1 20 1 2459
4 7 0 2459
12 20 0 2460
4 7 0 2460
4 21 0 2540
0 29 0 2540
0 4 0 2541
12 11 0 2541
12 29 0 2541
1 1 1 2541
1 3 1 2541
1 4 1 2542
1 8 1 2542
1 10 1 2548
1 11 1 2548
1 12 1 2548
4 1 0 2548
4 20 0 2548
4 1 0 2549
4 6 0 2549
1 26 1 2550
12 14 0 2578
1 1 1 2578
0 20 0 2579
1 8 1 2579
1 10 1 2579
4 1 0 2580
4 21 0 2580
12 6 0 2580
4 23 0 2581
1 23 1 2581
1 24 1 2581
1 26 1 2581
2 0 1 2587
4 8 0 2588
2 3 1 2588
2 1 0 2588
0 10 0 2595
1 2 0 2595
1 9 0 2596
0 11 0 2602
1 12 0 2603
0 8 0 2610
1 17 0 2610
0 0 0 2617
0 22 0 2618
2 0 0 2618
0 21 0 2625
1 7 0 2625
2 3 0 2626
0 11 0 2633
1 16 0 2633
0 3 0 2640
0 22 0 2640
1 15 0 2641
0 6 0 2648
0 12 0 2648
1 9 0 2648
0 5 0 2655
0 14 0 2655
1 10 0 2656
0 5 0 2663
0 18 0 2663
0 26 0 2663
1 24 0 2663
0 9 0 2670
1 9 0 2670
1 29 0 2671
0 6 0 2685
0 26 0 2685
1 15 0 2686
0 17 0 2693
0 24 0 2693
1 15 0 2693
2 3 0 2694
0 21 0 2700
0 10 0 2708
0 24 0 2708
1 2 0 2708
1 2 0 2715
0 17 0 2723
1 13 0 2723
1 6 0 2730
1 10 0 2738
1 28 0 2738
0 15 0 2745
0 29 0 2746
0 12 0 2753
0 24 0 2753
1 8 0 2753
0 0 0 2760
0 27 0 2761
1 23 0 2761
1 0 0 2768
0 24 0 2775
1 27 0 2776
0 22 0 2783
1 6 0 2783
1 17 0 2784
2 3 0 2784
0 20 0 2791
0 24 0 2791
1 10 0 2791
0 25 0 2798
1 18 0 2798
0 21 0 2806
1 15 0 2806
0 13 0 2813
1 7 0 2813
1 19 0 2821
0 4 0 2828
0 5 0 2836
0 25 0 2836
1 15 0 2836
0 14 0 2843
1 28 0 2843
1 5 0 2851
0 9 0 2858
0 25 0 2858
1 11 0 2859
0 9 0 2866
0 22 0 2866
1 4 0 2866
0 13 0 2873
1 18 0 2874
1 29 0 2874
0 8 0 2881
0 13 0 2881
0 18 0 2881
0 24 0 2881
1 12 0 2882
1 24 0 2882
0 7 0 2888
0 12 0 2889
0 18 0 2889
0 26 0 2889
1 12 0 2889
2 3 0 2890
0 6 0 2896
0 15 0 2896
0 23 0 2896
1 12 0 2897
0 1 0 2903
0 17 0 2903
0 23 0 2904
1 10 0 2904
1 25 0 2904
0 13 0 2911
0 18 0 2911
0 26 0 2911
1 3 0 2912
1 22 0 2912
0 7 0 2918
0 15 0 2919
1 2 0 2919
1 19 0 2919
2 2 0 2920
0 13 0 2926
0 25 0 2926
1 7 0 2927
1 17 0 2927
1 24 0 2927
0 8 0 2933
0 16 0 2934
0 26 0 2934
1 5 0 2934
1 11 0 2934
1 17 0 2935
1 28 0 2935
0 8 0 2941
0 17 0 2941
0 26 0 2941
1 6 0 2942
1 19 0 2942
0 12 0 2948
0 18 0 2949
0 25 0 2949
1 28 0 2950
2 2 0 2950
0 7 0 2956
0 12 0 2956
1 9 0 2957
1 22 0 2957
0 5 0 2963
0 12 0 2964
0 23 0 2964
1 13 0 2964
1 23 0 2965
0 6 0 2971
0 14 0 2971
0 23 0 2972
0 8 1 2972
1 1 0 2972
0 11 1 2973
4 24 0 2973
12 3 0 2973
12 23 0 2974
4 15 0 2974
1 16 1 2975
12 1 0 2975
1 23 1 2975
1 25 1 2976
0 0 0 2976
0 9 0 2976
0 20 0 2976
1 6 0 2977
1 15 0 2977
1 28 0 2977
0 3 0 2978
0 15 0 2979
0 27 0 2979
1 14 0 2979
1 29 0 2980
0 12 0 2986
0 20 0 2986
1 8 0 2987
0 0 0 2993
0 6 0 2994
0 14 0 2994
0 23 0 2994
1 3 0 2995
1 23 0 2995
0 0 0 3001
0 21 0 3001
0 28 0 3001
1 9 0 3002
1 15 0 3002
1 25 0 3003
0 16 0 3009
0 22 0 3009
0 28 0 3009
1 5 0 3009
1 25 0 3010
0 6 0 3016
0 15 0 3016
1 7 0 3017
1 21 0 3017
0 1 0 3024
0 8 0 3024
0 23 0 3024
1 8 0 3024
1 17 0 3025
1 29 0 3025
0 3 0 3031
0 22 0 3031
1 8 0 3032
1 24 0 3032
2 1 0 3032
0 7 0 3039
0 19 0 3039
0 22 0 3039
1 6 0 3040
1 25 0 3040
0 2 0 3046
0 9 0 3046
0 29 0 3047
1 10 0 3047
1 22 0 3047
0 6 0 3054
0 20 0 3054
0 29 0 3054
1 12 0 3055
1 25 0 3055
0 11 0 3061
0 22 0 3062
1 6 0 3062
1 19 0 3062
0 6 0 3069
0 10 0 3069
0 21 0 3069
1 7 0 3070
1 25 0 3070
0 7 0 3076
0 17 0 3077
0 28 0 3077
1 11 0 3077
2 2 0 3078
0 4 0 3084
0 8 0 3084
0 19 0 3084
0 24 0 3085
1 7 0 3085
0 6 0 3091
0 24 0 3092
1 2 0 3092
1 19 0 3092
1 23 0 3093
0 2 0 3099
0 22 0 3099
1 15 0 3099
1 27 0 3100
0 21 0 3106
1 6 0 3107
1 16 0 3107
1 24 0 3108
0 5 0 3114
0 19 0 3114
0 27 0 3114
1 20 0 3115
0 2 0 3121
0 8 0 3122
0 17 0 3122
1 12 0 3122
1 29 0 3122
0 5 0 3129
0 21 0 3129
1 19 0 3130
0 1 0 3136
0 13 0 3137
0 19 0 3137
1 4 0 3137
1 18 0 3138
0 4 0 3144
0 16 0 3144
0 23 0 3144
1 2 0 3145
1 24 0 3145
0 14 0 3151
0 21 0 3152
0 28 0 3152
1 8 0 3152
1 24 0 3153
0 6 0 3159
0 16 0 3159
1 17 0 3160
0 10 0 3167
0 15 0 3167
0 24 0 3167
1 4 0 3167
1 15 0 3168
1 23 0 3168
0 11 0 3174
1 8 0 3174
0 9 0 3182
0 15 0 3182
1 6 0 3182
1 24 0 3183
0 1 0 3189
0 4 0 3189
0 18 0 3190
0 25 0 3190
0 29 0 3190
1 17 0 3190
0 1 0 3197
0 12 0 3197
0 16 0 3197
0 23 0 3197
1 7 0 3198
1 21 0 3198
0 1 0 3204
0 18 0 3204
1 18 0 3205
1 27 0 3205
0 4 0 3212
0 16 0 3212
0 23 0 3212
1 12 0 3212
2 2 0 3213
0 8 0 3219
0 19 0 3219
1 13 0 3220
0 3 0 3227
0 19 0 3227
1 10 0 3227
1 24 0 3228
2 2 0 3228
0 16 0 3234
0 27 0 3235
1 1 0 3235
1 14 0 3235
1 22 0 3236
0 0 0 3242
0 21 0 3242
1 11 0 3242
1 28 0 3243
2 2 0 3243
0 15 0 3249
0 26 0 3250
1 9 0 3250
1 21 0 3250
0 6 0 3257
0 14 0 3257
1 4 0 3257
1 18 0 3258
1 28 0 3258
0 2 0 3264
0 17 0 3264
1 7 0 3265
1 16 0 3265
1 23 0 3266
2 2 0 3266
0 5 0 3272
0 9 0 3272
0 21 0 3272
0 2 1 3273
0 5 1 3273
0 11 1 3273
1 4 1 3273
1 12 1 3274
1 15 1 3274
1 17 1 3274
1 18 1 3274
1 21 1 3274
1 22 1 3274
1 24 1 3274
1 25 1 3275
1 26 1 3275
1 28 1 3275
0 15 0 3275
0 27 0 3276
1 10 0 3276
1 18 0 3276
2 3 0 3277
0 5 0 3279
0 10 0 3280
0 15 0 3280
0 22 0 3280
1 6 0 3281
1 18 0 3281
1 27 0 3281
0 7 0 3287
0 25 0 3287
1 7 0 3287
1 15 0 3288
1 26 0 3288
0 6 0 3294
0 17 0 3295
0 25 0 3295
1 3 0 3295
1 20 0 3296
0 10 0 3302
0 23 0 3302
1 6 0 3302
1 23 0 3303
2 1 0 3303
0 7 0 3310
0 25 0 3310
1 9 0 3310
1 25 0 3310
0 6 0 3317
0 11 0 3317
0 16 0 3317
0 23 0 3318
1 2 0 3318
1 17 0 3318
0 0 0 3324
0 8 0 3325
0 17 0 3325
0 28 0 3325
1 6 0 3325
1 19 0 3326
0 2 0 3332
0 11 0 3332
0 28 0 3332
1 8 0 3333
1 20 0 3333
0 6 0 3339
0 10 0 3340
0 19 0 3340
0 27 0 3340
1 10 0 3341
1 19 0 3341
0 4 0 3347
0 15 0 3347
0 22 0 3347
1 12 0 3348
1 29 0 3348
0 7 0 3355
0 18 0 3355
0 23 0 3355
1 2 0 3355
0 12 0 3362
0 22 0 3362
0 29 0 3363
1 12 0 3363
1 19 0 3363
1 29 0 3364
0 1 0 3370
0 9 0 3370
0 19 0 3370
0 25 0 3370
1 8 0 3371
0 1 0 3377
0 10 0 3377
0 16 0 3378
0 20 0 3378
0 27 0 3378
1 17 0 3378
1 28 0 3379
0 10 0 3385
0 16 0 3385
0 24 0 3385
1 9 0 3386
1 22 0 3386
0 4 0 3392
0 8 0 3392
0 17 0 3393
0 24 0 3393
1 3 0 3393
1 16 0 3394
0 7 0 3400
0 13 0 3400
0 23 0 3400
1 8 0 3401
1 19 0 3401
0 5 0 3407
0 15 0 3408
1 3 0 3408
1 25 0 3408
0 0 0 3415
0 18 0 3415
0 29 0 3415
1 7 0 3415
1 17 0 3416
1 26 0 3416
0 1 0 3422
0 16 0 3422
0 19 0 3423
0 25 0 3423
1 18 0 3423
0 5 0 3430
0 13 0 3430
0 22 0 3430
1 14 0 3431
0 0 0 3437
0 6 0 3437
0 24 0 3438
0 29 0 3438
1 8 0 3438
1 23 0 3439
0 8 0 3445
0 15 0 3445
0 23 0 3445
1 9 0 3446
1 17 0 3446
1 29 0 3446
0 12 0 3452
0 21 0 3453
0 24 0 3453
0 28 0 3453
1 7 0 3453
1 26 0 3454
0 4 0 3460
0 13 0 3460
0 25 0 3460
1 17 0 3461
1 29 0 3461
0 3 0 3467
0 19 0 3468
0 24 0 3468
1 22 0 3468
1 28 0 3469
0 15 0 3475
0 28 0 3475
1 9 0 3476
1 25 0 3476
0 1 0 3482
0 9 0 3483
0 14 0 3483
0 17 0 3483
1 3 0 3483
1 19 0 3484
2 3 0 3484
0 20 0 3490
0 29 0 3490
1 8 0 3491
1 23 0 3491
0 7 0 3497
0 10 0 3498
0 24 0 3498
0 28 0 3498
1 11 0 3499
1 22 0 3499
0 0 0 3505
0 18 0 3505
1 6 0 3505
1 13 0 3506
1 21 0 3506
0 0 0 3512
0 4 0 3513
0 22 0 3513
1 4 0 3513
1 12 0 3514
0 11 0 3520
0 20 0 3520
0 26 0 3521
1 4 0 3521
0 7 0 3527
0 17 0 3528
1 6 0 3528
1 18 0 3528
1 28 0 3529
0 0 0 3535
0 6 0 3535
0 12 0 3535
0 23 0 3536
1 8 0 3536
1 19 0 3536
0 5 0 3543
0 0 1 3543
0 4 1 3543
1 4 1 3543
1 8 1 3544
1 10 1 3544
1 14 1 3544
4 10 0 3544
1 16 1 3545
1 17 1 3545
1 18 1 3545
0 1 0 3545
0 1 0 3546
4 6 0 3546
0 7 0 3546
12 23 0 3547
1 1 0 3547
12 0 0 3547
2 2 1 3547
4 10 0 3595
4 28 0 3595
0 8 1 3596
4 4 0 3596
2 1 0 3596
1 8 1 3597
1 12 1 3598
1 21 1 3598
1 22 1 3598
1 23 1 3598
1 25 1 3598
1 26 1 3598
1 27 1 3598
1 28 1 3599
2 1 1 3599
1 23 0 3599
2 0 0 3599
0 10 0 3599
0 14 0 3600
0 26 0 3600
1 5 0 3600
1 20 0 3601
0 13 0 3607
0 20 0 3607
1 10 0 3608
1 29 0 3608
0 3 0 3615
0 11 0 3615
1 11 0 3615
1 24 0 3615
2 3 0 3616
0 15 0 3622
0 24 0 3622
1 20 0 3623
0 21 0 3629
0 27 0 3630
1 4 0 3630
1 12 0 3630
1 22 0 3631
0 3 0 3637
0 17 0 3637
0 27 0 3638
1 6 0 3638
1 23 0 3638
0 4 0 3645
0 10 0 3645
0 27 0 3645
1 7 0 3645
1 18 0 3646
0 0 0 3652
0 7 0 3652
0 28 0 3652
1 11 0 3653
0 7 0 3659
0 11 0 3660
0 20 0 3660
1 10 0 3660
1 25 0 3661
0 5 0 3667
0 16 0 3667
0 27 0 3668
1 3 0 3668
1 24 0 3668
0 10 0 3675
0 16 0 3675
0 26 0 3675
1 17 0 3676
0 2 0 3682
0 10 0 3682
0 20 0 3683
1 11 0 3683
1 21 0 3683
0 7 0 3690
0 21 0 3690
1 5 0 3690
1 24 0 3691
0 3 0 3697
0 12 0 3697
0 19 0 3698
0 24 0 3698
0 29 0 3698
1 28 0 3699
0 3 0 3705
0 12 0 3705
0 19 0 3705
0 28 0 3705
1 8 0 3706
1 28 0 3706
0 14 0 3712
0 20 0 3713
0 26 0 3713
1 8 0 3713
1 21 0 3714
0 4 0 3720
0 9 0 3720
0 19 0 3720
1 4 0 3721
1 15 0 3721
1 29 0 3721
0 2 0 3727
0 8 0 3728
0 16 0 3728
0 22 0 3728
1 16 0 3728
1 27 0 3729
0 17 0 3735
0 23 0 3735
1 2 0 3735
1 24 0 3736
0 3 0 3742
0 18 0 3743
0 22 0 3743
1 4 0 3743
1 18 0 3744
1 27 0 3744
0 1 0 3750
0 8 0 3750
1 9 0 3750
1 21 0 3751
1 29 0 3751
0 12 0 3757
0 25 0 3758
1 14 0 3758
1 20 0 3758
1 27 0 3759
0 3 0 3765
0 14 0 3765
0 22 0 3765
1 7 0 3766
1 23 0 3766
0 2 0 3772
0 7 0 3773
0 11 0 3773
0 18 0 3773
0 27 0 3773
1 7 0 3774
1 20 0 3774
0 9 0 3780
0 17 0 3780
1 4 0 3780
1 23 0 3781
0 5 0 3787
0 15 0 3788
0 20 0 3788
1 9 0 3788
1 22 0 3789
0 1 0 3795
0 5 0 3795
0 15 0 3795
1 3 0 3796
1 16 0 3796
0 3 0 3803
0 9 0 3803
0 16 0 3803
0 21 0 3803
1 5 0 3804
1 29 0 3804
0 4 0 3810
0 15 0 3810
0 29 0 3810
1 5 0 3811
1 19 0 3811
1 25 0 3811
0 9 0 3817
0 21 0 3818
1 4 0 3818
1 15 0 3818
1 29 0 3819
0 12 0 3825
0 17 0 3825
0 24 0 3826
1 4 0 3826
1 29 0 3826
0 7 0 3833
0 27 0 3833
1 14 0 3833
1 20 0 3834
0 2 0 3840
0 12 0 3840
0 25 0 3841
0 28 0 3841
1 15 0 3841
0 10 0 3848
1 4 0 3848
1 20 0 3848
2 1 0 3849
0 14 0 3855
0 20 0 3855
0 29 0 3856
1 5 0 3856
0 11 0 3863
0 22 0 3863
1 4 0 3863
1 19 0 3864
0 4 0 3870
0 11 0 3870
0 23 0 3871
0 28 0 3871
1 4 0 3871
1 19 0 3872
0 2 0 3878
0 10 0 3878
0 21 0 3878
1 5 0 3879
1 14 0 3879
2 3 0 3879
0 13 0 3885
0 17 0 3886
0 29 0 3886
1 21 0 3886
2 0 1 3935
0 19 0 3936
1 1 0 3936
1 13 0 3936
1 25 0 3937
0 1 0 3937
0 7 0 3937
0 12 0 3937
0 17 0 3938
0 21 0 3938
0 28 0 3938
1 16 0 3939
0 3 0 3944
0 12 0 3945
0 19 0 3945
0 29 0 3945
1 24 0 3946
2 1 0 3946
0 10 0 3952
0 18 0 3952
0 22 0 3953
0 28 0 3953
1 14 0 3953
1 28 0 3953
0 19 0 3960
0 28 0 3960
1 14 0 3960
0 0 0 3967
0 14 0 3967
0 21 0 3967
0 29 0 3968
1 12 0 3968
1 21 0 3968
2 2 0 3969
0 14 0 3975
0 21 0 3975
0 28 0 3975
1 13 0 3976
1 18 0 3976
0 0 0 3982
0 13 0 3982
0 23 0 3983
1 7 0 3983
1 23 0 3983
0 1 0 3990
0 7 0 3990
0 21 0 3990
0 26 0 3990
1 20 0 3991
0 3 0 3997
0 13 0 3997
1 11 0 3998
1 26 0 3998
0 5 0 4005
0 11 0 4005
0 17 0 4005
1 4 0 4005
0 1 0 4012
0 14 0 4012
0 23 0 4013
0 28 0 4013
1 10 0 4013
1 21 0 4014
0 7 0 4020
0 19 0 4020
0 26 0 4020
1 8 0 4021
1 21 0 4021
0 10 0 4027
0 13 0 4027
0 17 0 4028
0 24 0 4028
1 4 0 4028
1 19 0 4029
0 7 0 4035
0 23 0 4035
1 14 0 4035
0 7 0 4042
0 23 0 4042
1 16 0 4043
2 3 0 4043
0 18 0 4050
0 24 0 4050
1 4 0 4050
1 17 0 4051
1 24 0 4051
0 15 0 4057
0 23 0 4058
1 6 0 4058
1 17 0 4058
2 3 0 4059
0 8 0 4065
0 14 0 4065
0 19 0 4065
0 28 0 4066
1 10 0 4066
1 19 0 4066
0 1 0 4072
0 12 0 4073
0 21 0 4073
1 3 0 4073
1 16 0 4074
0 2 0 4080
0 15 0 4080
0 20 0 4080
0 28 0 4081
1 5 0 4081
1 13 0 4081
1 22 0 4082
0 10 0 4087
0 18 0 4088
0 24 0 4088
1 6 0 4088
1 23 0 4088
0 12 0 4095
1 6 0 4095
1 17 0 4096
1 21 0 4096
0 3 0 4102
0 8 0 4103
0 15 0 4103
0 22 0 4103
1 6 0 4103
1 27 0 4104
0 17 0 4110
0 26 0 4110
1 9 0 4111
1 23 0 4111
0 2 0 4117
0 27 0 4118
1 8 0 4118
1 23 0 4118
0 1 0 4125
0 8 0 4125
0 12 0 4125
0 19 0 4126
0 29 0 4126
1 15 0 4126
1 22 0 4127
0 13 0 4132
0 25 0 4133
1 11 0 4133
1 28 0 4133
0 7 0 4140
0 15 0 4140
0 22 0 4141
1 2 0 4141
1 10 0 4141
1 24 0 4142
0 12 0 4148
0 21 0 4148
1 9 0 4148
0 4 0 4155
0 22 0 4155
1 22 0 4156
1 29 0 4156
0 16 0 4163
1 16 0 4163
0 0 0 4170
0 10 0 4170
0 29 0 4171
1 15 0 4171
0 0 0 4178
0 8 0 4178
0 19 0 4178
0 29 0 4178
1 13 0 4179
0 6 0 4185
0 17 0 4185
0 28 0 4186
1 8 0 4186
1 24 0 4186
0 19 0 4193
0 28 0 4193
1 11 0 4193
1 20 0 4194
0 2 0 4200
0 8 0 4200
0 14 0 4201
0 23 0 4201
1 4 0 4201
1 21 0 4202
0 3 0 4208
0 11 0 4208
0 20 0 4208
1 10 0 4208
1 24 0 4209
0 4 0 4215
0 20 0 4215
0 29 0 4216
1 10 0 4216
0 1 0 4223
0 15 0 4223
0 22 0 4223
1 5 0 4224
1 12 0 4224
1 21 0 4224
0 3 0 4230
0 17 0 4230
0 22 0 4231
1 3 0 4231
1 18 0 4231
4 24 0 4232
0 1 0 4238
4 11 0 4239
1 18 0 4239
1 1 0 4240
1 12 1 4240
1 13 1 4242
4 17 0 4242
1 14 1 4242
12 28 0 4242
1 22 1 4243
12 0 0 4243
4 11 0 4290
4 23 0 4338
4 25 0 4338
1 1 1 4338
4 16 0 4339
2 3 0 4340
12 14 0 4340
4 21 0 4340
1 14 1 4341
1 15 1 4341
1 16 1 4341
1 17 1 4341
1 21 1 4341
1 23 1 4342
1 24 1 4342
4 1 0 4342
12 19 0 4342
0 1 0 4343
1 20 0 4343
4 18 0 4346
4 29 0 4347
0 15 0 4347
4 0 0 4347
4 27 0 4348
4 12 0 4348
4 10 0 4349
4 22 0 4350
4 1 0 4352
4 1 0 4352
4 15 0 4352
1 14 0 4353
4 16 0 4353
0 4 0 4354
0 8 0 4354
4 14 0 4355
4 21 0 4355
1 1 0 4356
4 12 0 4356
1 17 0 4357
4 20 0 4357
1 1 0 4358
4 16 0 4358
4 18 0 4358
4 19 0 4359
4 20 0 4360
0 1 0 4361
4 18 0 4361
4 20 0 4361
4 0 0 4362
4 0 0 4362
4 10 0 4363
4 22 0 4363
4 25 0 4364
4 1 0 4365
4 1 0 4366
4 21 0 4366
4 22 0 4366
4 5 0 4367
4 12 0 4367
4 11 0 4368
4 25 0 4369
0 1 0 4371
4 0 0 4371
4 17 0 4372
4 8 0 4373
4 13 0 4373
4 14 0 4376
4 1 0 4376
4 26 0 4376
4 19 0 4384
4 17 0 4385
1 0 0 4386
4 6 0 4386
0 1 0 4387
0 1 0 4387
4 27 0 4388
0 14 0 4389
4 3 0 4389
1 0 0 4391
1 0 0 4391
1 0 0 4391
4 7 0 4391
4 7 0 4391
4 7 0 4391
4 7 0 4391
4 7 0 4391
4 7 0 4391
4 7 0 4391
4 7 0 4391
4 7 0 4391
4 7 0 4391
4 7 0 4391
4 7 0 4391
4 7 0 4391
4 7 0 4391
4 7 0 4391
4 7 0 4391
4 7 0 4391
4 7 0 4391
4 7 0 4391
4 7 0 4391
4 7 0 4391
4 7 0 4391
4 7 0 4391
4 7 0 4391
4 7 0 4391
4 7 0 4391
4 7 0 4391
4 7 0 4391
4 7 0 4391
4 7 0 4391
4 7 0 4391
4 28 0 4391
4 1 0 4398
4 17 0 4398
1 1 0 4399
4 5 0 4400
4 1 0 4401
4 1 0 4402
0 0 0 4402
4 24 0 4402
0 13 0 4403
4 15 0 4403
4 1 0 4403
4 11 0 4404
0 8 0 4413
4 1 0 4414
4 1 0 4415
4 1 0 4415
4 2 0 4416
4 1 0 4416
4 9 0 4421
0 9 0 4422
4 14 0 4423
0 21 0 4424
0 0 0 4424
4 22 0 4424
4 17 0 4425
1 23 0 4425
0 1 0 4425
1 24 0 4426
4 13 0 4427
4 1 0 4428
4 24 0 4429
0 1 0 4429
0 6 0 4429
4 27 0 4430
4 25 0 4431
4 27 0 4431
4 24 0 4432
4 13 0 4433
4 9 0 4434
4 26 0 4434
4 8 0 4434
4 25 0 4435
0 13 0 4435
4 0 0 4436
4 22 0 4436
4 18 0 4438
4 1 0 4439
0 3 0 4446
4 8 0 4446
4 0 0 4447
4 15 0 4454
4 18 0 4455
1 5 0 4462
4 21 0 4463
4 1 0 4463
4 1 0 4463
4 1 0 4463
4 1 0 4463
4 1 0 4463
4 1 0 4463
4 1 0 4463
4 1 0 4463
4 20 0 4463
4 20 0 4463
4 20 0 4463
4 20 0 4463
4 20 0 4463
4 20 0 4463
4 20 0 4463
4 20 0 4463
4 20 0 4463
4 20 0 4463
4 20 0 4463
4 20 0 4463
4 20 0 4463
4 20 0 4463
4 20 0 4463
4 20 0 4463
4 20 0 4463
4 20 0 4463
4 20 0 4463
4 20 0 4463
4 20 0 4463
4 20 0 4463
4 20 0 4463
4 20 0 4463
4 20 0 4463
4 20 0 4463
4 20 0 4463
4 20 0 4463
4 20 0 4463
4 20 0 4463
4 20 0 4463
4 5 0 4464
4 7 0 4465
4 18 0 4469
4 8 0 4470
4 1 0 4471
4 22 0 4471
4 0 0 4471
0 14 0 4472
4 20 0 4472
4 24 0 4473
4 15 0 4474
4 1 0 4474
0 1 0 4475
4 16 0 4475
4 11 0 4476
1 23 0 4477
4 8 0 4478
4 1 0 4478
4 1 0 4478
1 0 0 4479
4 25 0 4480
4 25 0 4484
4 1 0 4484
0 20 0 4485
4 12 0 4491
4 1 0 4492
1 0 0 4493
4 21 0 4494
4 27 0 4494
0 22 0 4494
0 1 0 4495
1 8 0 4495
4 14 0 4496
4 7 0 4497
4 25 0 4498
1 24 1 4546
4 21 0 4546
1 25 1 4547
4 12 0 4547
1 26 1 4547
12 7 0 4547
4 12 0 4548
0 3 1 4594
4 20 0 4594
12 4 0 4594
1 6 1 4601
1 8 1 4602
1 9 1 4602
1 13 1 4602
1 15 1 4602
1 16 1 4603
1 17 1 4603
4 22 0 4609
4 14 0 4609
4 1 0 4652
0 8 1 4653
1 1 0 4653
1 7 1 4700
1 14 1 4701
4 20 0 4701
1 15 1 4702
0 18 0 4702
1 16 1 4702
12 28 0 4702
4 18 0 4703
12 9 0 4703
4 1 0 4704
1 5 0 4704
1 15 0 4704
0 7 0 4711
0 16 0 4711
0 27 0 4712
1 9 0 4712
1 23 0 4712
0 13 0 4719
0 19 0 4719
0 26 0 4719
1 7 0 4720
1 23 0 4720
0 9 0 4726
0 25 0 4727
1 7 0 4727
1 18 0 4727
1 26 0 4727
0 6 0 4734
0 11 0 4734
0 18 0 4734
1 4 0 4735
1 12 0 4735
1 23 0 4735
0 4 0 4741
0 9 0 4741
0 26 0 4742
1 10 0 4742
1 17 0 4742
1 28 0 4743
0 3 0 4749
0 23 0 4749
1 14 0 4749
0 9 0 4756
0 21 0 4757
1 14 0 4757
0 3 0 4764
0 8 0 4764
0 21 0 4764
1 8 0 4765
1 22 0 4765
0 3 0 4771
0 10 0 4772
0 14 0 4772
0 22 0 4772
0 27 0 4772
1 4 0 4773
1 25 0 4773
0 5 0 4779
0 16 0 4779
0 24 0 4779
0 28 0 4780
1 11 0 4780
1 17 0 4780
1 22 0 4781
0 2 0 4786
0 10 0 4787
0 19 0 4787
1 9 0 4787
1 18 0 4788
1 27 0 4788
0 1 0 4794
0 8 0 4794
0 21 0 4794
0 27 0 4795
1 7 0 4795
1 13 0 4795
1 22 0 4796
2 1 0 4796
0 6 0 4801
0 21 0 4802
1 8 0 4802
1 28 0 4802
0 12 0 4809
0 25 0 4809
1 11 0 4810
0 5 0 4816
0 13 0 4817
0 21 0 4817
1 2 0 4817
1 14 0 4818
1 26 0 4818
0 3 0 4824
0 7 0 4824
0 23 0 4824
1 9 0 4825
1 23 0 4825
0 12 0 4831
0 22 0 4832
1 16 0 4832
0 10 0 4839
0 25 0 4839
1 13 0 4840
1 28 0 4840
0 10 0 4847
0 19 0 4847
0 26 0 4847
1 18 0 4847
1 26 0 4848
0 4 0 4854
0 10 0 4854
0 24 0 4855
1 8 0 4855
1 28 0 4855
2 2 0 4856
0 13 0 4862
1 23 0 4862
0 10 0 4869
0 16 0 4869
0 25 0 4870
1 13 0 4870
0 5 0 4877
0 19 0 4877
0 28 0 4877
1 7 0 4877
1 21 0 4878
2 3 0 4878
0 23 0 4884
1 3 0 4885
1 15 0 4885
0 7 0 4892
0 21 0 4892
0 26 0 4892
1 9 0 4893
1 23 0 4893
0 6 0 4899
0 25 0 4899
1 9 0 4900
1 21 0 4900
0 7 0 4907
0 13 0 4907
0 29 0 4907
1 9 0 4908
0 0 0 4914
0 13 0 4914
0 29 0 4915
1 12 0 4915
1 22 0 4915
0 9 0 4922
0 25 0 4922
1 14 0 4922
1 25 0 4923
0 10 0 4929
0 23 0 4930
1 8 0 4930
1 18 0 4930
0 7 0 4937
0 14 0 4937
0 27 0 4937
1 6 0 4938
1 20 0 4938
0 10 0 4944
0 25 0 4945
1 12 0 4945
2 2 0 4945
0 9 0 4952
0 16 0 4952
0 21 0 4952
0 26 1 4953
12 1 0 4953
1 5 1 4953
4 8 0 4954
1 22 0 4954
12 28 0 4954
1 12 1 4955
1 19 1 4959
4 24 0 4959
4 14 0 4960
1 2 0 4960
1 21 1 4960
12 5 0 4960
4 16 0 4961
1 23 0 4962
2 2 0 4962
0 5 0 4967
0 17 0 4967
1 2 0 4967
1 17 0 4968
2 1 0 4968
0 11 0 4974
0 18 0 4975
0 29 0 4975
1 5 0 4975
1 24 0 4976
0 14 0 4982
0 25 0 4982
1 8 0 4982
1 21 0 4983
0 4 0 4989
0 12 0 4990
0 22 0 4990
0 28 0 4990
1 9 0 4991
1 25 0 4991
2 3 0 4991
0 16 0 4997
0 26 0 4997
1 16 0 4998
1 27 0 4998
0 20 0 5005
0 27 0 5005
1 8 0 5005
1 17 0 5005
0 4 0 5012
0 8 0 5012
0 14 0 5012
1 4 0 5013
1 11 0 5013
2 2 0 5014
0 13 0 5020
0 23 0 5020
1 13 0 5020
1 26 0 5021
0 17 0 5027
0 28 0 5027
1 21 0 5028
2 1 0 5028
0 12 0 5035
0 19 0 5035
0 29 0 5035
1 16 0 5036
1 28 0 5036
0 5 0 5042
0 17 0 5042
0 21 0 5043
0 28 0 5043
1 13 0 5043
0 3 0 5050
0 11 0 5050
0 18 0 5050
0 26 0 5050
1 11 0 5051
1 22 0 5051
0 0 0 5057
0 6 0 5057
0 22 0 5058
0 27 0 5058
1 29 0 5058
0 17 0 5065
0 21 0 5065
0 29 0 5065
1 10 0 5066
1 17 0 5066
1 27 0 5066
0 8 0 5072
0 21 0 5073
0 26 0 5073
1 4 0 5073
1 13 0 5073
1 22 0 5074
0 4 0 5080
0 25 0 5080
1 9 0 5080
1 24 0 5081
0 3 0 5087
0 14 0 5087
0 28 0 5088
1 8 0 5088
1 21 0 5088
0 9 0 5095
0 15 0 5095
1 5 0 5095
1 18 0 5096
0 6 0 5102
0 21 0 5102
1 7 0 5103
1 28 0 5103
0 6 0 5110
0 11 0 5110
0 19 0 5110
0 28 0 5110
1 12 0 5111
2 2 0 5111
0 7 0 5117
0 11 0 5118
0 18 0 5118
0 25 0 5118
1 10 0 5119
1 22 0 5119
0 2 0 5125
0 7 0 5125
0 23 0 5125
0 28 0 5126
1 7 0 5126
1 19 0 5126
1 29 0 5127
0 6 0 5132
0 19 0 5133
0 25 0 5133
1 4 0 5133
1 17 0 5134
0 4 0 5140
0 16 0 5140
0 25 0 5140
1 15 0 5141
1 25 0 5141
0 4 0 5147
0 11 0 5148
0 27 0 5148
1 18 0 5148
1 28 0 5149
0 12 0 5155
0 22 0 5155
1 13 0 5155
1 27 0 5156
0 12 0 5162
1 9 0 5163
1 18 0 5163
1 26 0 5163
0 5 0 5170
0 8 0 5170
0 27 0 5170
1 20 0 5171
1 26 0 5171
0 4 0 5177
0 12 0 5178
0 17 0 5178
0 27 0 5178
1 11 0 5179
0 8 0 5185
0 16 0 5185
1 8 0 5186
1 14 0 5186
0 11 0 5193
0 18 0 5193
0 29 0 5193
1 19 0 5193
0 4 0 5200
0 14 0 5200
0 20 0 5201
0 24 1 5202
0 0 0 5202
1 0 1 5202
4 24 0 5203
1 3 1 5203
1 26 0 5203
4 16 0 5204
1 22 0 5204
4 8 0 5204
4 26 0 5205
1 17 1 5205
1 19 1 5205
12 23 0 5205
1 29 0 5206
1 27 1 5206
0 10 0 5206
0 17 0 5206
1 2 0 5207
1 24 0 5207
0 4 0 5208
0 13 0 5208
0 19 0 5208
0 25 0 5208
1 23 0 5209
0 6 0 5215
0 19 0 5215
0 26 0 5215
1 4 0 5216
1 20 0 5216
1 28 0 5216
0 10 0 5223
0 16 0 5223
0 21 0 5223
0 25 0 5223
1 9 0 5224
1 19 0 5224
0 4 0 5230
0 14 0 5230
0 17 0 5231
0 25 0 5231
1 11 0 5231
1 16 0 5232
0 8 0 5238
0 20 0 5238
0 29 0 5238
1 14 0 5239
1 29 0 5239
0 5 0 5245
0 10 0 5245
0 17 0 5246
0 28 0 5246
1 9 0 5246
0 9 0 5253
0 14 0 5253
0 18 0 5253
0 28 0 5253
1 3 0 5254
1 22 0 5254
0 6 0 5260
0 14 0 5260
0 27 0 5261
1 10 0 5261
1 23 0 5261
1 28 0 5262
0 6 0 5268
0 15 0 5268
1 17 0 5268
1 25 0 5269
0 11 0 5275
0 26 0 5276
1 6 0 5276
1 15 0 5276
1 29 0 5277
0 7 0 5283
0 14 0 5283
0 28 0 5283
1 13 0 5284
1 27 0 5284
2 2 0 5284
0 18 0 5290
1 4 0 5291
1 20 0 5291
2 3 0 5291
0 7 0 5298
0 10 0 5298
0 15 0 5298
0 21 0 5299
1 5 0 5299
1 20 0 5299
0 1 0 5305
0 5 0 5305
0 11 0 5306
0 16 0 5306
0 22 0 5306
1 6 0 5307
1 16 0 5307
1 23 0 5307
1 28 0 5308
0 3 0 5313
0 8 0 5313
0 26 0 5313
1 6 0 5314
1 29 0 5314
0 5 0 5320
0 18 0 5321
0 25 0 5321
1 8 0 5321
1 20 0 5322
1 29 0 5322
0 3 0 5328
0 6 0 5328
0 12 0 5328
0 28 0 5329
1 12 0 5329
1 23 0 5329
0 2 0 5335
0 8 0 5336
0 14 0 5336
1 24 0 5336
0 6 0 5343
0 11 0 5343
0 17 0 5343
0 21 0 5344
0 29 0 5344
1 7 0 5344
1 18 0 5345
1 22 0 5345
2 3 0 5345
0 8 0 5351
0 29 0 5351
1 6 0 5351
1 11 0 5352
1 17 0 5352
1 27 0 5352
0 6 0 5358
0 15 0 5358
0 29 0 5359
1 7 0 5359
1 29 0 5359
0 9 0 5366
0 15 0 5366
0 28 0 5366
1 4 0 5366
1 13 0 5367
1 26 0 5367
0 17 0 5373
0 22 0 5373
0 26 0 5373
1 17 0 5374
1 25 0 5374
2 2 0 5374
0 12 0 5381
0 20 0 5381
1 13 0 5381
0 7 0 5388
0 27 0 5388
1 15 0 5389
1 24 0 5389
0 4 0 5396
0 20 0 5396
1 8 0 5396
1 19 0 5396
1 28 0 5397
0 13 0 5403
0 25 0 5403
1 2 0 5404
1 15 0 5404
0 6 0 5411
0 14 0 5411
0 21 0 5411
1 10 0 5411
1 20 0 5412
0 6 0 5418
0 18 0 5418
0 24 0 5419
1 15 0 5419
1 25 0 5419
0 3 0 5426
0 17 0 5426
0 23 0 5426
1 10 0 5426
1 23 0 5427
0 7 0 5433
0 13 0 5433
0 17 0 5434
0 26 0 5434
1 3 0 5434
1 18 0 5435
1 26 0 5435
0 4 0 5441
0 14 0 5441
0 23 0 5441
1 6 0 5442
1 24 0 5442
0 3 0 5448
0 16 0 5448
0 20 0 5449
0 24 0 5449
1 9 0 5449
1 22 0 5450
0 2 0 5456
0 15 0 5456
0 26 0 5456
1 16 0 5457
1 28 0 5457
0 1 0 5463
0 5 0 5463
1 8 0 5464
1 21 0 5464
0 2 0 5471
0 17 0 5471
0 22 1 5471
0 27 1 5472
0 29 1 5472
1 1 1 5472
1 8 1 5472
1 9 1 5472
1 10 1 5472
1 12 1 5472
1 13 1 5472
1 14 1 5473
1 18 1 5473
1 21 1 5473
1 25 1 5473
1 1 0 5473
0 4 1 5518
1 4 1 5519
1 8 1 5519
1 10 1 5519
1 14 1 5519
1 16 1 5519
1 17 1 5519
1 18 1 5520
1 20 1 5520
1 28 1 5520
2 1 1 5520
2 3 1 5520
0 5 0 5521
0 14 0 5521
0 21 0 5521
1 2 0 5521
1 13 0 5522
0 3 0 5522
0 14 0 5522
0 26 0 5523
1 3 0 5523
1 13 0 5523
1 25 0 5524
0 5 0 5530
0 14 0 5530
0 18 0 5530
0 28 0 5530
1 10 0 5531
1 27 0 5531
0 23 0 5537
1 5 0 5538
1 16 0 5538
1 29 0 5538
0 7 0 5545
0 22 0 5545
0 28 0 5545
1 17 0 5546
1 24 0 5546
0 3 0 5552
0 10 0 5553
0 14 0 5553
0 18 0 5553
0 23 0 5553
1 5 0 5554
1 19 0 5554
1 27 0 5554
0 1 0 5560
0 5 0 5560
0 14 0 5560
0 26 0 5560
1 11 0 5561
1 21 0 5561
0 9 0 5567
0 16 0 5568
0 20 0 5568
0 24 0 5568
1 2 0 5568
1 13 0 5569
1 24 0 5569
0 3 0 5575
0 15 0 5575
0 21 0 5575
0 28 0 5576
1 7 0 5576
1 27 0 5576
0 5 0 5582
0 15 0 5583
0 21 0 5583
1 6 0 5583
0 0 0 5590
0 5 0 5590
0 10 0 5590
0 16 0 5591
0 20 0 5591
0 26 0 5591
1 7 0 5591
1 25 0 5592
0 6 0 5597
0 17 0 5598
0 25 0 5598
1 4 0 5598
1 25 0 5599
0 7 0 5605
0 18 0 5605
0 27 0 5605
1 4 0 5606
1 17 0 5606
2 2 0 5607
0 21 0 5613
0 24 0 5613
1 2 0 5613
2 2 0 5613
0 6 0 5620
0 14 0 5620
0 21 0 5620
1 11 0 5621
0 0 0 5627
0 9 0 5628
0 19 0 5628
1 2 0 5628
1 14 0 5629
1 20 0 5629
1 25 0 5629
0 17 0 5635
0 25 0 5635
1 10 0 5636
0 23 0 5642
0 29 0 5643
1 13 0 5643
1 17 0 5643
0 8 0 5650
0 20 0 5650
1 12 0 5651
0 0 0 5657
0 3 0 5658
0 9 0 5658
0 15 0 5658
1 13 0 5659
0 7 0 5665
0 17 0 5665
1 4 0 5666
1 11 0 5666
1 26 0 5666
0 13 0 5673
0 28 0 5673
1 5 0 5673
1 21 0 5674
0 1 0 5680
0 6 0 5680
0 27 0 5681
1 17 0 5681
1 24 0 5681
0 2 0 5688
0 19 0 5688
1 4 0 5688
1 10 0 5689
0 5 0 5695
0 20 0 5695
1 8 0 5696
1 27 0 5696
0 5 0 5703
0 13 0 5703
0 20 0 5703
0 26 0 5703
1 16 0 5704
0 6 0 5710
0 19 0 5710
1 10 0 5711
1 18 0 5711
0 2 0 5718
0 9 0 5718
0 24 0 5718
0 28 0 5718
1 8 0 5719
1 16 0 5719
0 18 0 5725
0 27 0 5725
1 11 0 5726
0 3 0 5733
0 12 0 5733
0 22 0 5733
0 28 0 5733
1 5 0 5734
0 5 0 5740
0 16 0 5740
1 1 0 5741
1 10 0 5741
1 29 0 5741
0 11 0 5748
0 17 0 5748
0 26 0 5748
1 15 0 5749
1 26 0 5749
0 8 0 5755
0 15 0 5756
0 21 0 5756
0 26 0 5756
1 5 0 5756
1 25 0 5757
0 2 0 5763
0 14 0 5763
0 28 0 5763
1 17 0 5764
1 25 0 5764
0 8 0 5770
0 13 0 5771
0 19 0 5771
0 27 0 5771
1 9 0 5771
1 22 0 5772
2 2 0 5772
0 16 0 5778
0 20 0 5778
1 6 0 5779
1 13 0 5779
1 23 0 5779
0 11 0 5785
0 26 0 5786
1 15 0 5786
0 5 0 5793
0 17 0 5793
0 23 0 5793
0 26 0 5794
1 7 0 5794
1 16 0 5794
2 1 0 5795
0 14 0 5800
0 19 0 5801
1 5 0 5801
1 24 0 5801
0 7 0 5808
0 11 0 5808
4 1 0 5808
0 4 1 5809
4 1 0 5809
4 1 0 5809
4 22 0 5810
0 6 1 5810
12 2 0 5810
1 3 1 5811
4 22 0 5811
4 6 0 5812
4 8 0 5812
1 17 1 5812
4 8 0 5813
1 18 1 5813
1 19 1 5813
1 27 1 5814
4 23 0 5814
0 25 1 5856
1 2 1 5856
1 12 1 5857
1 13 1 5857
1 14 1 5857
1 16 1 5857
1 17 1 5857
1 18 1 5857
1 19 1 5857
1 23 1 5858
1 26 1 5858
1 29 1 5858
0 23 1 5871
0 28 1 5871
1 1 1 5872
1 3 1 5872
1 5 1 5872
1 12 1 5872
1 13 1 5872
1 14 1 5872
1 0 1 5884
1 14 1 5885
1 15 1 5885
1 16 1 5885
1 17 1 5885
1 21 1 5885
1 24 1 5885
0 1 1 5899
0 5 1 5899
0 9 1 5900
1 7 1 5900
1 11 1 5900
1 15 1 5900
1 18 1 5900
1 19 1 5901
1 20 1 5901
1 22 1 5901
2 0 1 5901
2 3 1 5901
0 22 1 5914
1 1 1 5914
1 3 1 5915
1 6 1 5915
1 8 1 5915
1 11 1 5915
1 12 1 5915
1 14 1 5915
1 15 1 5915
1 16 1 5916
1 25 1 5916
0 0 1 5928
0 5 1 5928
0 7 1 5928
0 10 1 5928
0 12 1 5929
0 19 1 5929
1 23 1 5930
1 25 1 5930
1 29 1 5930
2 1 1 5930
2 2 1 5930
2 3 1 5930
0 20 1 5944
0 25 1 5944
0 27 1 5944
0 28 1 5944
0 29 1 5944
1 1 1 5944
1 9 1 5945
1 12 1 5945
1 15 1 5945
1 22 1 5945
0 25 1 5958
0 29 1 5959
1 4 1 5959
1 7 1 5959
1 10 1 5959
1 17 1 5959
1 18 1 5959
1 19 1 5960
1 22 1 5960
1 24 1 5960
2 0 1 5960
0 0 1 5973
0 9 1 5974
1 13 1 5975
1 15 1 5975
1 21 1 5975
1 22 1 5975
1 23 1 5975
0 27 1 5989
1 3 1 5989
1 6 1 5989
1 8 1 5990
1 10 1 5990
1 17 1 5990
1 18 1 5990
1 19 1 5990
1 22 1 5990
1 24 1 5991
2 0 1 5991
1 3 1 6003
1 8 1 6003
1 12 1 6004
1 15 1 6004
1 17 1 6004
1 19 1 6004
1 26 1 6004
1 27 1 6004
2 0 1 6005
2 2 1 6005
0 4 1 6018
0 8 1 6018
0 16 1 6018
0 17 1 6018
0 19 1 6018
0 20 1 6019
0 21 1 6019
0 22 1 6019
0 26 1 6019
0 28 1 6019
0 29 1 6019
1 0 1 6019
1 16 1 6020
0 25 1 6032
1 2 1 6032
1 16 1 6033
1 17 1 6033
1 18 1 6033
1 19 1 6033
1 25 1 6033
1 27 1 6034
0 6 1 6047
1 1 1 6047
1 11 1 6047
1 13 1 6047
1 15 1 6048
1 16 1 6048
1 17 1 6048
1 18 1 6048
1 21 1 6048
1 22 1 6048
1 25 1 6048
1 28 1 6049
0 3 1 6061
0 7 1 6062
1 7 1 6062
1 12 1 6062
1 17 1 6063
1 20 1 6063
1 21 1 6063
0 0 1 6074
0 1 1 6075
0 2 1 6075
0 4 1 6075
0 6 1 6075
1 10 1 6076
1 17 1 6076
2 2 1 6077
2 3 1 6077
0 20 1 6090
0 4 1 6118
1 15 1 6119
1 16 1 6119
1 17 1 6120
1 25 1 6120
0 12 1 6131
0 17 1 6131
0 19 1 6131
0 20 1 6131
0 21 1 6131
1 4 1 6132
1 6 1 6132
1 13 1 6133
0 4 1 6142
0 19 1 6143
0 26 1 6143
0 27 1 6143
0 28 1 6143
0 2 1 6157
0 8 1 6157
1 2 1 6157
1 11 1 6158
1 13 1 6158
1 16 1 6158
1 17 1 6158
1 18 1 6158
1 21 1 6158
1 22 1 6159
1 24 1 6159
1 25 1 6159
1 28 1 6159
0 8 1 6172
0 12 1 6172
0 21 1 6172
0 22 1 6172
0 23 1 6173
0 25 1 6173
0 26 1 6173
0 27 1 6173
0 28 1 6173
1 1 1 6173
1 16 1 6174
0 3 1 6187
1 7 1 6188
1 12 1 6188
1 15 1 6188
1 16 1 6189
1 18 1 6189
1 26 1 6189
1 29 1 6189
2 1 1 6189
0 6 1 6202
0 29 1 6202
1 5 1 6202
1 9 1 6203
1 18 1 6203
1 19 1 6203
1 20 1 6203
1 22 1 6203
1 23 1 6203
1 24 1 6204
1 25 1 6204
1 29 1 6204
2 2 1 6204
0 7 1 6217
0 11 1 6217
1 6 1 6218
1 12 1 6218
1 19 1 6218
1 20 1 6218
1 21 1 6218
1 23 1 6218
1 24 1 6219
1 25 1 6219
1 26 1 6219
1 29 1 6219
2 0 1 6219
2 3 1 6219
0 27 1 6233
1 4 1 6233
1 18 1 6234
1 19 1 6234
1 20 1 6234
1 21 1 6234
1 27 1 6234
1 29 1 6235
0 6 1 6245
1 3 1 6246
1 8 1 6275
1 10 1 6275
1 14 1 6275
1 16 1 6275
1 17 1 6275
1 18 1 6276
0 15 1 6286
0 19 1 6287
1 2 1 6287
1 4 1 6287
1 5 1 6287
1 9 1 6288
1 11 1 6288
1 13 1 6288
1 29 1 6289
0 1 1 6302
0 4 1 6302
0 9 1 6302
0 13 1 6302
1 13 1 6303
1 16 1 6303
1 18 1 6303
1 22 1 6303
1 23 1 6303
1 25 1 6303
1 26 1 6304
1 27 1 6304
1 20 1 6317
1 21 1 6317
1 22 1 6317
1 28 1 6318
2 0 1 6318
0 1 1 6331
1 12 1 6332
1 28 1 6360
1 29 1 6360
2 0 1 6360
1 2 1 6374
1 17 1 6374
1 25 1 6375
0 27 1 6386
0 10 1 6415
1 15 1 6415
1 20 1 6416
1 23 1 6416
1 24 1 6416
0 16 1 6426
0 21 1 6426
0 24 1 6426
0 27 1 6426
1 4 1 6427
1 5 1 6427
1 6 1 6427
1 8 1 6427
1 9 1 6427
1 11 1 6427
1 15 1 6427
1 19 1 6428
0 15 1 6428
0 18 1 6428
0 21 1 6428
0 24 1 6429
1 1 1 6429
1 2 1 6429
1 3 1 6429
1 5 1 6429
1 7 1 6429
1 11 1 6429
1 15 1 6430
0 21 1 6430
0 25 1 6430
1 3 1 6430
1 6 1 6431
1 8 1 6431
1 9 1 6431
1 12 1 6431
1 13 1 6431
1 15 1 6431
1 16 1 6431
1 17 1 6432
1 26 1 6432
2 1 1 6432
0 0 1 6432
0 2 1 6433
0 12 1 6433
1 6 1 6433
1 11 1 6433
1 14 1 6434
1 16 1 6434
1 25 1 6434
1 26 1 6434
1 27 1 6434
1 29 1 6434
2 0 1 6434
2 2 1 6435
0 5 1 6435
0 7 1 6435
0 11 1 6435
1 7 1 6436
1 18 1 6436
1 20 1 6436
1 22 1 6436
1 23 1 6436
1 24 1 6437
1 25 1 6437
1 28 1 6437
1 29 1 6437
2 1 1 6437
2 3 1 6437
0 1 1 6437
0 4 1 6438
0 7 1 6438
1 3 1 6438
1 13 1 6438
1 15 1 6439
1 18 1 6439
1 19 1 6439
1 20 1 6439
1 23 1 6439
1 24 1 6439
1 26 1 6439
1 27 1 6440
1 28 1 6440
2 0 1 6440
0 2 1 6440
0 7 1 6440
0 11 1 6441
1 10 1 6441
1 14 1 6441
1 16 1 6441
1 19 1 6441
1 20 1 6441
1 22 1 6442
1 23 1 6442
1 24 1 6442
1 26 1 6442
0 2 1 6442
0 6 1 6442
0 11 1 6443
0 14 1 6443
0 17 1 6443
0 24 1 6443
0 25 1 6443
0 26 1 6443
0 28 1 6444
0 29 1 6444
1 0 1 6444
1 4 1 6444
1 8 1 6444
0 1 1 6445
0 7 1 6445
0 9 1 6445
0 18 1 6445
0 19 1 6445
0 20 1 6445
0 22 1 6446
0 23 1 6446
0 24 1 6446
0 25 1 6446
0 28 1 6446
1 1 1 6446
1 5 1 6447
0 0 1 6447
0 4 1 6447
1 4 1 6447
1 7 1 6448
1 11 1 6448
1 14 1 6448
1 17 1 6449
1 24 1 6449
1 25 1 6449
1 28 1 6449
2 0 1 6450
0 26 1 6450
1 0 1 6450
1 3 1 6450
1 7 1 6451
1 10 1 6451
1 13 1 6451
1 20 1 6451
1 21 1 6451
1 24 1 6451
1 26 1 6452
2 1 1 6452
0 14 1 6452
0 18 1 6452
0 20 1 6453
0 24 1 6453
0 26 1 6453
0 27 1 6453
0 28 1 6453
1 0 1 6453
1 8 1 6453
1 11 1 6454
1 13 1 6454
1 18 1 6454
1 24 1 6454
0 3 1 6455
0 25 1 6455
1 2 1 6455
1 12 1 6456
1 13 1 6456
1 14 1 6456
1 16 1 6456
1 17 1 6456
1 18 1 6456
1 19 1 6456
1 23 1 6456
1 26 1 6457
1 29 1 6457
0 2 1 6457
0 4 1 6457
0 14 1 6457
1 8 1 6458
1 13 1 6458
1 16 1 6458
1 19 1 6458
1 26 1 6459
1 27 1 6459
1 28 1 6459
2 0 1 6459
2 2 1 6459
0 5 1 6459
0 13 1 6460
0 17 1 6460
1 12 1 6460
1 18 1 6460
1 26 1 6461
1 29 1 6461
2 0 1 6461
2 1 1 6461
2 2 1 6461
2 1 1 7517
12 5 1 7518
1 8 0 7518
1 8 1 7518
12 23 0 7519
12 25 1 7519
12 3 0 7519
12 20 0 7521
12 15 0 7798
12 27 1 7799
12 6 1 7799
12 18 1 7799
12 4 0 7802
12 17 1 7802
1 15 1 7805
12 16 1 7805
12 12 1 7806
12 20 1 7806
12 2 0 7806
12 2 0 3074
