0 5 0 526
0 15 0 526
0 26 0 527
1 4 0 527
1 8 0 527
0 23 0 534
1 16 0 534
0 1 0 541
0 3 0 541
0 7 0 542
0 12 0 542
0 24 0 542
1 22 0 542
0 4 0 549
0 16 0 549
0 20 0 549
0 28 0 549
1 25 0 550
1 29 0 550
0 3 0 556
0 15 0 556
0 20 0 557
1 26 0 557
0 23 0 564
0 27 0 564
1 18 0 564
2 2 0 565
1 0 0 571
1 24 0 572
0 16 0 579
0 28 0 579
1 19 0 579
0 6 0 586
0 19 0 587
1 3 0 587
1 28 0 587
0 10 0 594
0 15 0 594
0 25 0 594
1 8 0 595
1 22 0 595
0 29 0 602
1 9 0 602
0 12 0 609
0 23 0 609
0 26 0 609
0 29 0 609
1 23 0 610
0 6 0 616
0 15 0 617
0 29 0 617
1 26 0 617
0 1 0 624
0 14 0 624
0 18 0 624
0 29 0 625
1 7 0 625
1 24 0 625
0 27 0 632
1 13 0 632
0 5 0 639
0 11 0 639
0 20 0 639
1 6 0 640
1 24 0 640
0 6 0 647
0 27 0 647
1 14 0 647
0 6 0 654
0 16 0 654
0 27 0 654
1 19 0 655
0 2 0 662
0 26 0 662
1 13 0 662
1 18 0 662
1 28 0 663
1 15 0 669
0 7 0 677
0 15 0 677
0 28 0 677
1 14 0 677
1 24 0 677
0 9 0 684
0 14 0 684
1 3 0 685
2 2 0 685
1 1 0 692
1 15 0 692
0 0 0 699
0 14 0 699
1 13 0 700
0 0 1 700
0 7 1 700
0 9 1 700
0 12 1 700
0 14 1 700
0 14 0 701
4 5 0 701
1 25 0 702
4 14 0 707
12 5 0 707
0 3 0 708
0 14 0 708
12 18 0 708
12 7 0 708
1 24 1 708
1 26 1 709
2 1 1 709
1 15 0 709
2 3 1 709
0 16 1 744
4 3 0 745
12 22 0 746
1 2 1 746
1 9 1 747
4 5 0 747
1 10 1 747
4 27 0 747
1 11 1 748
12 18 0 748
4 14 0 749
0 18 0 750
1 4 0 750
1 17 0 751
0 5 0 755
0 24 0 755
1 3 0 755
1 16 0 755
1 22 0 756
0 13 0 762
0 22 0 763
1 15 0 763
1 2 0 770
1 10 0 770
1 21 0 770
2 3 0 771
0 27 0 778
1 11 0 778
0 5 0 785
0 13 0 785
0 21 0 785
1 6 0 786
1 11 0 786
2 2 0 786
1 8 0 793
1 18 0 793
1 27 0 793
0 13 0 800
0 27 0 800
1 28 0 800
1 14 0 808
0 8 0 815
0 14 0 815
1 7 0 815
1 19 0 816
0 7 0 822
0 16 0 823
0 22 0 823
1 23 0 823
0 4 0 830
1 0 0 830
1 21 0 830
0 1 0 838
0 10 0 838
1 25 0 838
0 26 0 845
1 6 0 845
0 17 0 853
0 6 0 860
0 26 0 860
0 1 0 868
0 3 0 868
0 14 0 868
0 19 0 868
1 1 0 868
1 14 0 869
2 3 0 869
1 9 0 875
0 7 0 883
0 26 0 883
1 4 0 883
2 2 0 883
0 10 0 890
0 12 0 891
0 24 0 891
1 6 0 891
0 6 0 898
0 19 0 898
1 10 0 898
1 27 0 898
0 1 0 905
0 3 0 905
0 11 0 906
0 21 0 906
1 11 0 906
1 26 0 906
0 5 0 913
0 14 0 913
1 2 0 913
0 19 0 920
0 25 0 921
1 10 0 921
2 1 0 921
0 14 0 928
0 24 0 928
1 25 0 928
0 8 0 935
0 21 0 936
1 16 0 936
1 27 0 936
0 7 0 943
1 8 0 943
1 20 0 943
2 3 0 944
0 13 0 950
0 15 0 951
0 23 0 951
0 26 0 951
1 16 0 951
1 21 0 952
0 3 0 958
0 17 0 958
1 25 0 958
1 2 0 965
1 21 0 966
1 16 0 973
1 28 0 973
0 7 0 980
0 13 0 981
0 20 0 981
1 14 0 981
0 10 0 988
0 22 0 988
1 16 0 988
2 0 0 989
0 12 0 996
0 26 0 996
1 16 0 996
2 3 0 996
0 7 0 1003
0 14 0 1003
1 6 0 1004
1 10 0 1011
0 2 0 1018
1 9 0 1018
1 26 0 1019
0 6 0 1026
0 22 0 1026
1 19 0 1026
0 13 0 1033
0 29 0 1033
1 28 0 1034
0 17 0 1041
1 6 0 1041
0 7 0 1048
0 25 0 1048
0 29 0 1049
1 21 0 1049
0 9 0 1056
1 9 0 1056
2 2 0 1056
0 9 0 1063
0 21 0 1063
2 3 0 1064
0 2 0 1071
0 27 0 1071
1 2 0 1071
2 2 0 1071
0 14 0 1078
0 23 0 1079
1 20 0 1079
0 1 0 1086
0 6 0 1086
0 14 0 1086
0 25 0 1086
1 19 0 1087
0 3 0 1093
0 7 0 1093
0 26 0 1094
1 10 0 1094
2 1 0 1094
0 19 0 1101
0 23 0 1101
1 12 0 1101
2 0 0 1102
0 22 0 1108
0 27 0 1109
1 12 0 1109
1 25 0 1109
0 18 0 1116
0 28 0 1116
1 18 0 1116
1 29 0 1117
0 15 0 1123
0 26 0 1124
1 9 0 1124
1 16 0 1124
1 27 0 1124
0 10 0 1131
1 17 0 1131
2 1 0 1132
1 4 0 1139
1 26 0 1139
0 16 0 1146
1 11 0 1146
1 28 0 1146
0 4 0 1153
0 19 0 1154
1 27 0 1154
0 10 0 1161
0 26 0 1161
1 18 0 1161
0 11 0 1169
0 27 0 1169
1 19 0 1169
0 17 0 1176
1 22 0 1176
2 0 0 1177
0 16 0 1184
0 19 0 1184
1 6 0 1184
1 15 0 1184
0 8 0 1191
0 23 0 1191
1 18 0 1191
1 27 0 1192
0 11 0 1199
0 15 0 1199
0 18 0 1199
0 23 0 1199
1 10 0 1199
12 5 0 1200
4 2 0 1206
4 20 0 1206
1 5 1 1207
1 12 1 1207
4 5 0 1208
4 5 0 1208
1 13 1 1208
2 3 0 1208
1 14 1 1209
12 2 0 1209
0 1 0 1249
4 18 0 1249
12 2 0 1249
0 5 0 1251
1 3 1 1251
0 1 0 1252
1 5 1 1252
1 13 1 1253
4 8 0 1253
4 5 0 1254
1 20 1 1254
4 5 0 1254
0 1 0 1254
1 27 1 1254
0 7 0 1255
0 5 0 1255
0 28 0 1255
1 28 1 1255
1 29 1 1255
1 0 0 1337
1 25 0 1337
4 9 0 1338
0 4 1 1338
0 5 1 1338
0 7 1 1338
4 6 0 1339
0 27 0 1339
0 13 1 1339
4 5 0 1340
4 1 0 1340
1 5 0 1340
12 28 0 1340
1 2 0 1385
4 9 0 1385
12 12 0 1385
1 29 1 1386
0 16 0 1424
4 17 0 1424
4 3 0 1424
1 20 0 1425
1 11 1 1425
0 9 0 1425
0 5 0 1425
1 12 1 1425
1 13 1 1426
1 21 1 1426
4 18 0 1426
12 13 0 1427
1 28 1 1427
1 25 0 1428
0 7 0 1428
0 24 0 1428
1 9 0 1428
0 25 0 1436
1 18 0 1436
0 9 0 1443
0 18 0 1443
1 16 0 1443
0 8 0 1451
0 12 0 1451
1 16 0 1451
0 14 0 1458
0 19 0 1458
0 28 0 1458
1 6 0 1459
1 20 0 1459
0 4 0 1466
0 16 0 1466
0 19 0 1466
1 3 0 1466
1 24 0 1466
0 2 0 1473
0 10 0 1473
0 18 0 1474
1 19 0 1474
0 4 0 1481
0 13 0 1481
0 18 0 1481
0 23 0 1481
1 12 0 1481
1 26 0 1482
0 6 0 1488
0 12 0 1488
0 20 0 1489
1 7 0 1489
1 18 0 1489
0 16 0 1496
0 28 0 1496
1 8 0 1496
1 15 0 1497
1 27 0 1497
1 27 0 1503
1 3 0 1511
1 16 0 1511
1 28 0 1511
0 7 0 1518
0 22 0 1519
1 16 0 1519
1 22 0 1519
0 2 0 1526
0 11 0 1526
0 17 0 1526
0 28 0 1526
1 13 0 1527
1 26 0 1527
0 16 0 1533
0 24 0 1534
1 19 0 1534
2 3 0 1534
0 18 0 1541
1 0 0 1541
1 6 0 1541
0 9 0 1548
0 15 0 1549
0 22 0 1549
1 13 0 1549
1 20 0 1549
1 27 0 1550
0 12 0 1556
0 22 0 1556
1 8 0 1556
1 25 0 1557
0 6 0 1563
1 16 0 1564
0 23 0 1571
1 19 0 1571
2 3 0 1571
0 26 0 1579
1 25 0 1579
0 2 0 1586
1 6 0 1586
1 23 0 1586
0 15 0 1594
0 26 0 1594
1 2 0 1594
1 12 0 1594
1 28 0 1595
0 3 0 1601
1 0 0 1601
0 8 0 1608
0 19 0 1609
1 6 0 1609
1 16 0 1609
0 25 0 1616
1 4 0 1616
2 0 0 1617
0 23 0 1624
1 21 0 1624
0 21 0 1631
1 9 0 1631
0 14 0 1639
0 25 0 1639
1 9 0 1639
0 2 0 1646
0 18 0 1646
1 10 0 1646
1 13 0 1647
1 26 0 1647
0 0 0 1654
0 15 0 1654
0 29 0 1654
1 27 0 1654
0 12 0 1661
0 27 0 1661
1 24 0 1662
0 7 0 1669
0 18 0 1669
1 4 0 1669
1 22 0 1669
0 1 0 1676
0 11 0 1676
0 20 0 1677
0 27 0 1677
1 5 0 1677
1 14 0 1677
1 21 0 1678
0 15 0 1684
1 19 0 1684
0 23 0 1691
0 27 0 1691
1 18 0 1692
1 28 0 1692
1 17 0 1699
1 25 0 1699
2 2 0 1699
0 15 0 1706
1 11 0 1707
0 3 0 1714
0 13 0 1714
0 28 0 1714
1 16 0 1714
0 13 0 1721
0 24 0 1722
1 7 0 1722
0 1 0 1729
0 24 0 1729
1 19 0 1729
0 8 0 1736
0 18 0 1737
0 26 0 1737
1 23 0 1737
0 8 0 1744
0 19 0 1744
1 8 0 1744
1 23 0 1745
0 1 0 1751
0 11 0 1752
0 21 0 1752
1 10 0 1752
1 25 0 1752
0 19 0 1759
0 27 0 1759
1 21 0 1759
2 1 0 1760
0 18 0 1767
0 22 0 1767
1 15 0 1767
1 1 0 1774
1 10 0 1774
1 22 0 1775
0 8 0 1782
0 17 0 1782
1 0 0 1782
1 21 0 1782
0 1 0 1789
0 15 0 1789
1 20 0 1789
0 0 0 1796
0 3 0 1797
0 13 0 1797
1 6 0 1797
1 15 0 1797
1 28 0 1798
0 8 0 1804
0 12 0 1804
1 14 0 1805
0 0 0 1812
0 19 0 1812
1 18 0 1812
0 5 0 1819
0 20 0 1819
1 22 0 1820
0 15 0 1827
0 18 0 1827
1 16 0 1827
1 24 0 1827
0 27 0 1834
1 22 0 1834
0 6 0 1842
0 21 0 1842
1 1 0 1842
1 16 0 1842
0 0 0 1849
0 8 0 1849
0 16 0 1850
1 21 0 1850
0 7 0 1857
0 11 0 1857
0 23 0 1857
1 10 0 1857
1 21 0 1858
0 6 0 1864
0 23 0 1864
1 4 0 1865
1 23 0 1865
0 21 0 1872
1 10 0 1872
0 5 0 1879
0 25 0 1879
1 17 0 1880
0 12 0 1887
1 18 0 1887
1 28 0 1887
0 19 0 1894
1 5 0 1895
1 23 0 1895
1 29 0 1895
0 22 0 1902
2 1 0 1902
0 12 0 1909
0 23 0 1910
1 8 0 1910
1 27 0 1910
0 3 0 1917
0 15 0 1917
0 29 0 1917
1 7 0 1917
1 18 0 1918
0 20 0 1924
0 27 0 1925
1 2 0 1925
1 10 0 1925
1 26 0 1925
0 7 0 1932
0 10 0 1932
0 14 0 1932
1 8 0 1933
2 2 0 1933
0 16 0 1940
0 26 0 1940
1 1 0 1940
1 18 0 1940
1 7 0 1947
0 20 0 1954
0 29 0 1955
1 8 0 1955
1 21 0 1955
0 4 0 1962
0 13 0 1962
0 21 0 1962
0 0 0 1969
0 6 0 1970
0 16 0 1970
0 22 0 1970
1 18 0 1970
0 14 0 1977
0 19 0 1977
0 27 0 1978
1 21 0 1978
0 1 0 1985
0 0 1 1985
0 1 1 1985
0 5 1 1985
1 25 0 1985
0 7 1 1986
4 8 0 1986
4 2 0 1986
1 9 1 1987
1 14 1 1987
1 18 1 1987
1 21 1 1987
1 24 1 1987
2 1 1 1988
2 2 1 1988
2 3 1 1988
0 13 0 1988
0 21 0 1988
0 29 0 1988
1 13 0 1989
1 29 0 1989
0 10 0 1992
0 26 0 1992
1 14 0 1993
0 20 0 2000
0 23 0 2000
0 25 0 2000
1 8 0 2000
1 20 0 2000
0 11 0 2007
0 19 0 2007
0 24 0 2008
1 3 0 2008
1 23 0 2008
1 5 0 2015
1 28 0 2015
1 23 0 2022
0 8 0 2030
0 19 0 2030
1 23 0 2030
0 4 0 2037
0 13 0 2037
1 21 0 2038
0 5 0 2045
1 2 0 2045
1 15 0 2045
2 2 0 2045
0 16 0 2052
0 22 0 2053
0 26 0 2053
0 4 0 2060
0 15 0 2060
0 20 0 2060
1 23 0 2060
0 0 0 2067
0 18 0 2067
1 6 0 2068
1 22 0 2068
0 14 0 2075
1 24 0 2075
0 21 0 2082
1 6 0 2083
0 5 0 2090
1 17 0 2090
0 1 0 2097
0 16 0 2098
1 1 0 2098
1 21 0 2098
0 16 0 2105
0 28 0 2105
1 9 0 2105
1 23 0 2106
1 2 0 2113
1 20 0 2113
1 26 0 2113
0 14 0 2120
0 25 0 2120
1 7 0 2120
2 2 0 2121
1 15 0 2127
0 5 0 2135
0 11 0 2135
0 20 0 2135
1 14 0 2136
0 28 0 2143
1 15 0 2143
1 25 0 2143
0 3 0 2150
0 23 0 2150
1 20 0 2150
1 2 0 2158
1 18 0 2158
0 5 0 2165
0 19 0 2165
1 5 0 2165
1 24 0 2166
0 1 0 2173
0 5 0 2173
0 28 0 2173
1 12 0 2173
0 6 0 2180
1 3 0 2180
1 20 0 2181
0 2 0 2195
0 13 0 2195
0 24 0 2195
1 8 0 2196
1 17 0 2196
1 26 0 2196
0 19 0 2203
0 23 0 2203
1 2 0 2203
2 1 0 2203
0 14 0 2210
0 17 0 2210
0 22 0 2211
1 7 0 2211
1 28 0 2211
0 8 0 2218
0 12 0 2218
1 4 0 2218
1 15 0 2218
1 28 0 2219
0 2 0 2225
0 24 0 2225
1 3 0 2226
0 13 0 2233
0 22 0 2233
1 9 0 2233
1 14 0 2233
1 28 0 2234
0 14 0 2240
1 12 0 2241
0 3 0 2248
0 14 0 2248
1 7 0 2248
0 8 0 2255
0 20 0 2256
1 10 0 2256
1 19 0 2256
2 3 0 2256
0 11 0 2263
0 15 0 2263
0 28 0 2263
1 18 0 2263
0 0 0 2270
0 2 0 2270
0 5 0 2271
0 7 0 2271
0 13 0 2271
0 21 0 2271
1 1 0 2272
0 10 0 2278
1 14 0 2278
2 1 0 2278
0 19 0 2285
1 11 0 2286
0 2 0 2293
0 12 0 2293
0 22 0 2293
1 10 0 2293
1 28 0 2294
0 0 0 2300
0 17 0 2301
1 10 0 2301
0 0 0 2308
0 17 0 2308
1 12 0 2308
1 23 0 2309
0 17 0 2315
0 20 0 2316
1 21 0 2316
0 25 0 2323
1 16 0 2323
1 28 0 2324
0 0 0 2330
0 7 0 2331
0 20 0 2331
1 19 0 2331
0 13 0 2338
0 17 0 2338
0 24 0 2338
0 27 0 2339
1 22 0 2339
0 8 0 2346
0 15 0 2346
1 18 0 2346
2 1 0 2346
0 10 0 2353
0 27 0 2353
1 13 0 2354
1 24 0 2354
0 11 0 2361
1 8 0 2361
0 0 0 2368
0 13 0 2368
0 26 0 2368
1 25 0 2369
0 2 0 2376
1 6 0 2376
1 20 0 2376
0 4 0 2383
1 22 0 2383
0 13 0 2391
0 23 0 2391
0 29 0 2391
1 14 0 2391
2 0 0 2392
0 23 0 2398
0 25 0 2398
1 19 0 2399
1 27 0 2406
0 5 0 2413
0 10 0 2414
0 23 0 2414
0 29 0 2414
1 7 0 2414
1 27 0 2414
0 29 0 2421
1 29 0 2421
1 1 0 2428
0 5 0 2436
0 15 0 2436
1 17 0 2436
1 25 0 2437
1 0 0 2443
1 19 0 2444
0 22 0 2451
1 24 0 2451
0 5 0 2458
0 26 0 2459
2 2 0 2459
0 10 0 2466
1 3 0 2466
1 14 0 2467
2 3 0 2467
0 2 0 2474
0 7 0 2474
1 11 0 2474
0 0 0 2481
0 19 0 2481
1 2 0 2481
1 10 0 2482
0 3 0 2488
0 26 0 2489
1 20 0 2489
0 22 0 2496
1 6 0 2496
2 2 0 2497
0 7 0 2504
0 11 0 2504
0 20 0 2504
0 26 0 2504
1 4 0 2504
0 1 0 2511
0 9 0 2511
0 29 0 2511
0 5 0 2519
0 14 0 2519
0 24 0 2519
0 29 0 2519
1 20 0 2519
0 10 0 2526
1 19 0 2526
2 2 0 2527
0 26 0 2534
1 13 0 2534
0 4 0 2541
0 16 0 2541
1 20 0 2542
0 14 0 2549
0 24 0 2549
1 8 0 2549
1 26 0 2549
1 2 0 2556
1 21 0 2556
1 29 0 2557
0 26 0 2564
0 0 1 2564
0 2 1 2564
1 1 1 2564
1 5 1 2565
1 10 1 2565
1 13 1 2565
1 15 1 2565
1 17 1 2565
1 24 1 2566
1 25 1 2566
1 26 1 2566
1 29 1 2566
2 1 1 2566
1 16 0 2567
0 15 0 2571
0 18 0 2571
1 22 0 2572
0 9 0 2579
0 27 0 2579
1 6 0 2579
1 22 0 2579
0 25 0 2586
0 29 0 2586
1 22 0 2587
0 11 0 2594
0 22 0 2594
0 28 0 2594
1 17 0 2594
2 1 0 2595
0 21 0 2601
1 13 0 2602
1 18 0 2602
0 14 0 2609
0 17 0 2609
1 20 0 2609
0 18 0 2616
0 22 0 2624
1 13 0 2624
1 28 0 2624
1 8 0 2631
1 24 0 2632
0 17 0 2639
1 28 0 2639
0 8 0 2646
0 26 0 2647
1 24 0 2647
0 11 0 2654
0 17 0 2654
1 22 0 2655
0 1 0 2661
0 23 0 2662
0 28 0 2662
1 10 0 2662
1 17 0 2662
2 0 0 2663
0 10 0 2669
0 12 0 2669
0 26 0 2669
1 21 0 2670
1 27 0 2670
0 23 0 2676
1 13 0 2677
0 10 0 2684
0 22 0 2684
0 27 0 2684
1 22 0 2685
0 12 0 2692
0 21 0 2692
1 19 0 2692
0 4 0 2699
1 21 0 2699
0 22 0 2707
0 27 0 2707
1 3 0 2707
1 14 0 2707
2 1 0 2708
0 5 0 2714
0 13 0 2714
1 22 0 2714
0 2 0 2722
0 20 0 2722
0 26 0 2722
1 8 0 2722
1 23 0 2723
0 24 0 2729
1 11 0 2729
0 6 0 2737
0 23 0 2737
1 7 0 2737
1 19 0 2737
0 7 0 2744
0 27 0 2744
1 17 0 2745
0 14 0 2752
0 17 0 2752
0 26 0 2752
0 6 0 2759
0 11 0 2759
0 19 0 2760
0 26 0 2760
0 28 0 2760
1 23 0 2760
0 16 0 2767
0 25 0 2767
1 9 0 2767
0 1 0 2774
0 21 0 2774
1 9 0 2775
0 19 0 2782
1 2 0 2782
0 1 0 2789
0 15 0 2790
0 24 0 2790
1 15 0 2790
1 23 0 2790
0 5 0 2797
0 14 0 2797
1 26 0 2797
0 2 0 2804
0 11 0 2804
0 25 0 2805
1 4 0 2805
1 18 0 2805
0 3 0 2812
0 13 0 2812
0 29 0 2812
0 7 0 2819
0 17 0 2820
1 21 0 2820
2 1 0 2820
0 6 0 2827
0 27 0 2827
1 4 0 2827
0 2 0 2834
0 7 0 2835
0 13 0 2835
0 24 0 2835
0 6 0 2842
0 11 0 2842
0 19 0 2842
0 24 0 2842
1 25 0 2843
0 18 0 2850
1 5 0 2850
1 13 0 2850
0 10 0 2857
0 23 0 2857
1 7 0 2857
0 0 0 2864
0 3 0 2865
0 14 0 2865
0 2 0 2872
0 11 0 2872
0 23 0 2872
1 13 0 2873
0 2 0 2879
0 6 0 2880
0 21 0 2880
0 24 0 2880
0 27 0 2880
1 10 0 2881
1 29 0 2881
0 5 0 2887
0 25 0 2887
1 5 0 2888
1 25 0 2888
0 5 0 2895
0 12 0 2895
0 18 0 2895
0 27 0 2895
1 14 0 2896
1 22 0 2896
0 12 0 2902
1 3 0 2902
1 23 0 2903
1 2 0 2910
1 14 0 2910
0 6 0 2917
0 12 0 2917
0 27 0 2917
1 23 0 2918
0 5 0 2925
0 7 0 2925
0 16 0 2925
0 24 0 2925
1 4 0 2926
1 13 0 2926
1 28 0 2926
0 16 0 2932
0 26 0 2932
1 21 0 2933
0 2 0 2940
0 20 0 2940
1 14 0 2940
0 0 0 2947
0 21 0 2947
0 27 0 2948
1 6 0 2948
2 2 0 2948
0 1 0 2955
0 21 0 2955
1 29 0 2955
0 25 0 2962
0 27 0 2963
0 0 0 2970
0 4 0 2970
0 12 0 2970
0 26 0 2970
1 4 0 2971
1 24 0 2971
1 0 0 2977
1 27 0 2978
0 23 0 2985
0 28 0 2985
2 3 0 2985
0 17 0 2992
1 7 0 2993
1 21 0 2993
0 20 0 3000
0 28 0 3000
1 9 0 3000
1 12 0 3001
1 14 0 3007
0 2 0 3015
1 0 0 3015
1 12 0 3015
1 22 0 3016
0 15 0 3023
0 21 0 3023
1 14 0 3023
1 27 0 3023
0 13 0 3030
0 28 0 3030
1 0 0 3030
2 1 0 3031
0 22 0 3037
1 10 0 3038
0 5 0 3045
0 19 0 3045
1 2 0 3045
1 7 0 3046
1 19 0 3046
0 11 0 3053
0 21 0 3053
0 13 0 3060
1 13 0 3060
0 11 0 3068
0 18 0 3068
0 26 0 3068
0 8 0 3075
0 25 0 3075
1 5 0 3075
0 3 0 3083
0 28 0 3083
1 16 0 3083
1 27 0 3083
0 23 0 3090
1 10 0 3090
1 19 0 3091
0 11 0 3098
0 14 0 3098
1 15 0 3098
2 3 0 3098
1 8 0 3105
0 4 0 3113
0 12 0 3113
0 19 0 3113
0 23 0 3113
1 15 0 3114
0 28 0 3120
1 6 0 3120
1 21 0 3121
1 27 0 3121
0 19 0 3128
0 18 1 3128
0 22 1 3128
1 0 1 3129
1 3 1 3129
1 4 1 3129
1 5 1 3129
1 6 1 3129
1 9 1 3129
1 10 1 3129
1 12 1 3129
1 13 1 3130
1 14 1 3130
2 5 0 3130
4 27 0 3135
4 28 0 3135
1 5 0 3143
12 6 0 3143
4 21 0 3143
12 2 0 3144
1 29 1 3144
0 14 0 3186
4 21 0 3187
1 17 0 3187
0 5 0 3187
4 12 0 3187
0 11 1 3188
0 5 0 3188
1 5 0 3189
4 2 0 3195
12 16 0 3195
1 16 1 3195
1 23 1 3196
1 24 1 3196
1 25 1 3196
1 27 1 3196
1 28 1 3196
2 0 1 3196
1 17 0 3197
2 0 0 3197
0 1 0 3202
0 13 0 3202
0 18 0 3202
1 1 0 3203
2 2 0 3203
0 6 0 3210
0 16 0 3210
0 22 0 3210
1 10 0 3210
0 2 0 3217
0 15 0 3217
0 20 0 3217
1 16 0 3218
0 13 0 3225
0 25 0 3225
1 17 0 3225
1 6 0 3232
1 21 0 3232
0 15 0 3240
0 25 0 3240
1 18 0 3240
0 23 0 3247
1 16 0 3247
1 26 0 3248
0 25 0 3255
1 6 0 3255
1 11 0 3255
0 8 0 3262
0 25 0 3262
1 16 0 3263
2 3 0 3263
0 23 0 3270
1 9 0 3270
2 3 0 3270
0 14 0 3277
0 22 0 3278
0 27 0 3278
1 20 0 3278
1 8 0 3285
2 1 0 3285
0 17 0 3292
0 26 0 3292
1 4 0 3293
1 12 0 3293
1 27 0 3293
0 7 0 3300
0 11 0 3300
0 20 0 3300
0 29 0 3300
1 2 0 3301
1 17 0 3301
0 19 0 3307
0 28 0 3308
1 13 0 3308
0 4 0 3315
0 16 0 3315
1 22 0 3315
2 0 0 3316
0 9 0 3322
0 16 0 3323
0 21 0 3323
1 19 0 3323
0 1 0 3330
0 17 0 3330
0 23 0 3330
1 12 0 3331
2 1 0 3331
0 13 0 3337
0 16 0 3338
0 24 0 3338
1 11 0 3338
1 21 0 3338
0 0 0 3345
0 7 0 3345
1 18 0 3345
2 1 0 3346
0 5 0 3352
0 18 0 3353
1 11 0 3353
0 18 0 3360
0 28 0 3360
1 8 0 3360
1 25 0 3361
0 18 0 3368
0 24 0 3368
0 28 0 3368
1 11 0 3368
2 0 0 3368
0 13 0 3375
1 17 0 3375
0 11 0 3382
0 19 0 3383
1 5 0 3383
0 3 0 3390
0 20 0 3390
1 3 0 3390
1 19 0 3391
0 5 0 3398
0 9 0 3398
1 6 0 3398
1 19 0 3398
0 7 0 3405
1 4 0 3405
2 0 0 3406
0 20 0 3413
0 22 0 3413
1 6 0 3413
1 28 0 3413
1 13 0 3420
1 19 0 3420
2 0 0 3421
0 6 0 3428
0 22 0 3428
1 27 0 3428
0 11 0 3435
0 27 0 3435
1 1 0 3436
2 3 0 3436
0 26 0 3443
1 0 0 3443
1 22 0 3443
0 10 0 3450
0 16 0 3450
1 16 0 3451
1 20 0 3451
1 27 0 3451
0 29 0 3458
1 23 0 3458
0 14 0 3465
1 5 0 3466
1 23 0 3466
0 1 0 3473
0 21 0 3473
0 24 0 3473
1 15 0 3473
1 14 0 3480
0 0 0 3488
0 16 0 3488
0 21 0 3488
0 7 0 3495
0 10 0 3496
0 25 0 3496
1 29 0 3496
0 1 0 3503
0 18 0 3503
0 25 0 3503
1 29 0 3504
0 7 0 3510
0 20 0 3511
1 6 0 3511
2 0 0 3511
0 10 0 3518
1 5 0 3518
1 11 0 3519
2 1 0 3519
0 7 0 3525
0 22 0 3526
1 2 0 3526
1 6 0 3526
1 20 0 3526
1 3 0 3533
1 12 0 3533
1 29 0 3534
0 23 0 3541
1 17 0 3541
1 28 0 3541
0 3 0 3548
0 22 0 3548
1 26 0 3548
0 3 0 3555
0 21 0 3556
0 26 0 3556
1 11 0 3556
2 3 0 3556
0 10 0 3563
0 17 0 3563
1 16 0 3564
0 0 0 3570
0 5 0 3571
0 22 0 3571
1 8 0 3571
1 26 0 3571
0 7 0 3578
0 12 0 3578
0 27 0 3579
1 13 0 3579
0 5 0 3586
0 8 0 3586
0 28 0 3586
1 9 0 3586
1 23 0 3586
0 5 0 3593
0 12 0 3593
0 20 0 3594
0 26 0 3594
1 13 0 3594
2 1 0 3594
0 13 0 3601
1 9 0 3601
1 24 0 3601
1 1 0 3608
0 6 0 3616
0 25 0 3616
1 15 0 3616
2 3 0 3617
0 18 0 3623
0 24 0 3623
1 7 0 3624
1 27 0 3624
0 1 0 3631
0 16 0 3631
0 26 0 3631
1 18 0 3631
0 20 0 3638
0 26 0 3639
1 2 0 3639
1 29 0 3639
1 2 0 3646
0 5 0 3653
0 20 0 3653
1 13 0 3654
1 3 0 3661
1 16 0 3661
0 6 0 3668
1 22 0 3669
0 1 0 3676
0 14 0 3676
0 20 0 3676
0 29 0 3676
1 23 0 3677
0 17 0 3683
0 24 0 3684
1 6 0 3684
1 11 0 3684
0 0 0 3691
0 0 1 3691
4 22 0 3692
0 12 1 3693
1 8 1 3693
1 18 1 3693
1 20 1 3693
1 22 1 3694
1 23 1 3694
1 24 1 3694
1 25 1 3694
1 28 1 3694
1 29 1 3694
2 1 1 3694
2 2 1 3694
0 15 1 3695
0 24 1 3695
0 27 1 3695
0 29 1 3695
1 2 1 3695
4 4 0 3696
1 9 1 3699
1 16 1 3706
4 24 0 3706
4 9 0 3707
4 18 0 3707
12 15 0 3707
1 26 1 3708
12 13 0 3708
1 4 0 3708
1 15 0 3709
1 25 0 3709
0 2 0 3713
0 14 0 3714
0 18 0 3714
0 25 0 3714
0 28 0 3714
1 2 0 3714
1 18 0 3715
1 27 0 3715
0 1 0 3721
0 10 0 3721
0 15 0 3721
0 24 0 3721
1 3 0 3722
1 11 0 3722
1 26 0 3722
2 2 0 3723
0 10 0 3729
0 22 0 3729
0 25 0 3729
1 2 0 3729
1 9 0 3729
1 17 0 3730
1 23 0 3730
1 27 0 3730
0 8 0 3736
0 12 0 3736
0 18 0 3736
0 26 0 3737
1 3 0 3737
1 9 0 3737
1 12 0 3737
1 17 0 3738
1 26 0 3738
2 2 0 3738
0 11 0 3744
0 17 0 3744
0 20 0 3744
1 3 0 3744
1 15 0 3745
1 19 0 3745
0 4 0 3751
0 13 0 3751
0 18 0 3751
0 22 0 3752
0 26 0 3752
1 12 0 3752
1 27 0 3752
2 0 0 3753
2 3 0 3753
0 7 0 3759
0 11 0 3759
0 14 0 3759
1 9 0 3759
1 21 0 3760
2 2 0 3760
0 6 0 3766
0 12 0 3766
0 20 0 3767
1 4 0 3767
1 15 0 3767
1 23 0 3767
0 3 0 3774
0 10 0 3774
0 14 0 3774
0 22 0 3774
0 24 0 3774
0 27 0 3775
0 29 0 3775
1 7 0 3775
1 23 0 3775
1 29 0 3776
0 7 0 3781
0 12 0 3781
0 14 0 3781
0 20 0 3782
1 12 0 3782
1 25 0 3782
0 0 0 3789
0 11 0 3789
0 17 0 3789
0 25 0 3789
1 5 0 3789
1 8 0 3790
1 14 0 3790
1 23 0 3790
2 0 0 3790
0 3 0 3796
0 12 0 3796
0 18 0 3796
0 22 0 3797
0 24 0 3797
0 29 0 3797
1 4 0 3797
1 16 0 3798
1 19 0 3798
1 28 0 3798
0 11 0 3804
0 17 0 3804
0 27 0 3804
1 7 0 3804
1 15 0 3805
1 28 0 3805
2 3 0 3805
0 5 0 3811
0 7 0 3811
0 12 0 3812
0 27 0 3812
1 3 0 3812
1 10 0 3812
1 26 0 3813
2 2 0 3813
0 2 0 3819
0 5 0 3819
0 7 0 3819
0 10 0 3819
0 25 0 3820
0 29 0 3820
1 6 0 3820
1 14 0 3820
1 23 0 3820
2 3 0 3821
0 21 0 3826
0 23 0 3827
0 27 0 3827
1 4 0 3827
1 8 0 3827
1 18 0 3828
1 26 0 3828
2 3 0 3828
0 4 0 3834
0 11 0 3834
0 20 0 3834
0 26 0 3834
1 10 0 3835
1 13 0 3835
1 25 0 3835
2 0 0 3835
0 10 0 3841
0 15 0 3842
0 26 0 3842
1 7 0 3842
1 15 0 3842
1 29 0 3843
0 8 0 3849
0 16 0 3849
0 20 0 3849
1 3 0 3850
1 22 0 3850
0 0 0 3856
0 5 0 3856
0 8 0 3857
0 14 0 3857
0 22 0 3857
0 29 0 3857
1 2 0 3857
1 12 0 3858
1 24 0 3858
2 0 0 3858
0 16 0 3864
0 23 0 3864
0 28 0 3864
1 1 0 3865
1 10 0 3865
1 14 0 3865
1 21 0 3865
1 28 0 3866
0 16 0 3871
0 18 0 3872
0 25 0 3872
0 28 0 3872
1 4 0 3872
1 8 0 3873
1 27 0 3873
0 5 0 3879
0 11 0 3879
0 15 0 3879
1 5 0 3879
1 14 0 3880
1 26 0 3880
2 3 0 3880
0 4 0 3887
0 9 0 3887
0 23 0 3887
1 3 0 3887
1 12 0 3887
1 17 0 3888
1 26 0 3888
2 2 0 3888
0 6 0 3894
0 22 0 3894
1 6 0 3894
1 19 0 3895
1 26 0 3895
2 0 0 3895
0 5 0 3901
0 7 0 3902
0 14 0 3902
0 20 0 3902
0 22 0 3902
1 0 0 3902
1 8 0 3903
1 18 0 3903
1 28 0 3903
0 2 0 3909
0 6 0 3909
0 11 0 3909
0 29 0 3910
1 5 0 3910
1 19 0 3910
1 23 0 3910
0 3 0 3916
0 12 0 3917
0 20 0 3917
0 28 0 3917
1 6 0 3917
1 13 0 3918
1 25 0 3918
0 10 0 3924
0 17 0 3924
0 22 0 3924
0 29 0 3925
1 14 0 3925
1 19 0 3925
0 1 1 3925
0 4 1 3926
0 9 1 3926
1 3 1 3926
1 13 1 3926
1 16 1 3927
1 18 1 3927
1 19 1 3927
1 22 1 3927
1 23 1 3927
1 25 1 3927
1 26 1 3927
1 27 1 3927
1 29 1 3928
0 19 0 3928
0 22 0 3928
1 7 0 3928
1 15 0 3929
1 26 0 3929
0 2 0 3931
0 10 0 3932
0 17 0 3932
0 27 0 3932
0 29 0 3932
1 11 0 3933
2 0 0 3933
2 3 0 3933
0 4 0 3939
0 7 0 3939
0 12 0 3940
0 19 0 3940
0 23 0 3940
0 29 0 3940
1 7 0 3940
1 25 0 3941
0 6 0 3947
0 23 0 3947
0 27 0 3947
1 2 0 3947
1 14 0 3948
1 21 0 3948
1 28 0 3948
0 2 0 3954
0 19 0 3954
0 24 0 3955
1 15 0 3955
1 25 0 3955
0 6 0 3962
0 21 0 3962
0 29 0 3962
1 7 0 3962
1 12 0 3963
1 22 0 3963
1 27 0 3963
0 5 0 3969
0 10 0 3969
0 20 0 3970
0 27 0 3970
1 19 0 3970
1 25 0 3970
0 2 0 3977
0 7 0 3977
0 10 0 3977
0 17 0 3977
0 28 0 3977
1 16 0 3978
1 29 0 3978
0 4 0 3984
0 18 0 3984
0 21 0 3985
1 16 0 3985
2 0 0 3985
0 1 0 3992
0 12 0 3992
0 15 0 3992
0 19 0 3992
0 21 0 3992
1 7 0 3993
1 18 0 3993
1 23 0 3993
0 5 0 3999
0 16 0 3999
0 18 0 4000
0 24 0 4000
1 0 0 4000
1 16 0 4000
2 1 0 4001
0 14 0 4007
0 19 0 4007
0 23 0 4007
0 28 0 4007
1 3 0 4008
1 12 0 4008
1 24 0 4008
0 3 0 4014
0 7 0 4014
0 16 0 4015
1 14 0 4015
1 25 0 4015
0 10 0 4022
0 14 0 4022
0 17 0 4022
0 24 0 4022
1 3 0 4023
1 9 0 4023
1 16 0 4023
1 23 0 4023
0 4 0 4029
0 25 0 4029
1 8 0 4030
1 25 0 4030
0 9 0 4037
0 12 0 4037
0 19 0 4037
1 6 0 4037
1 13 0 4038
1 26 0 4038
2 2 0 4038
0 3 0 4044
0 8 0 4045
0 18 0 4045
0 20 0 4045
0 27 0 4045
0 29 0 4045
1 16 0 4046
1 26 0 4046
0 1 0 4052
0 5 0 4052
0 13 0 4052
0 16 0 4052
0 20 0 4053
0 25 0 4053
1 7 0 4053
1 17 0 4053
1 27 0 4054
0 1 0 4059
0 13 0 4060
0 23 0 4060
1 16 0 4060
1 22 0 4060
2 2 0 4060
0 10 0 4067
0 16 0 4067
0 22 0 4067
1 2 0 4068
1 23 0 4068
2 2 0 4068
0 4 0 4074
0 12 0 4075
0 19 0 4075
1 9 0 4075
2 1 0 4075
0 6 0 4082
0 19 0 4082
0 29 0 4082
1 18 0 4083
1 24 0 4083
1 29 0 4083
0 0 0 4089
0 13 0 4090
0 17 0 4090
0 27 0 4090
0 29 0 4090
1 4 0 4090
1 14 0 4091
1 17 0 4091
1 29 0 4091
0 0 0 4097
0 9 0 4097
0 22 0 4097
1 11 0 4098
1 20 0 4098
2 0 0 4098
0 2 0 4104
0 8 0 4105
0 21 0 4105
0 26 0 4105
0 29 0 4105
1 13 0 4105
1 21 0 4106
2 3 0 4106
0 10 0 4112
0 14 0 4112
0 24 0 4113
1 8 0 4113
1 18 0 4113
1 25 0 4113
2 1 0 4114
0 5 0 4120
0 17 0 4120
1 4 0 4120
1 13 0 4120
1 16 0 4121
1 22 0 4121
1 28 0 4121
2 2 0 4121
0 3 0 4127
0 6 0 4127
0 9 0 4128
0 16 0 4128
0 23 0 4128
0 27 0 4128
1 14 0 4128
1 25 0 4129
2 0 0 4129
0 2 0 4135
0 15 0 4135
0 23 0 4135
0 28 0 4135
1 10 0 4135
1 13 0 4136
1 20 0 4136
2 1 0 4136
0 2 0 4142
0 5 0 4142
0 9 0 4143
0 12 0 4143
0 15 0 4143
0 17 0 4143
0 27 0 4143
1 6 0 4144
1 17 0 4144
1 20 0 4144
2 1 0 4144
0 7 0 4150
0 22 0 4150
1 2 0 4150
1 7 0 4150
1 13 0 4151
1 18 0 4151
1 26 0 4151
0 5 0 4157
0 7 0 4157
0 17 0 4157
0 21 0 4158
0 26 0 4158
1 3 0 4158
1 9 0 4158
1 21 0 4159
0 6 0 4165
0 18 0 4165
0 23 0 4165
0 26 0 4165
1 6 0 4165
1 17 0 4166
1 25 0 4166
2 1 0 4166
0 5 0 4172
0 9 0 4172
0 25 0 4173
1 4 0 4173
1 15 0 4173
1 25 0 4173
0 1 0 4180
0 9 0 4180
0 11 0 4180
0 14 0 4180
0 17 0 4180
0 23 0 4181
0 29 0 4181
1 2 0 4181
1 7 0 4181
1 24 0 4182
2 3 0 4182
0 7 0 4187
0 9 0 4188
0 17 0 4188
0 22 0 4188
1 2 0 4188
1 12 0 4188
1 15 0 4189
1 24 0 4189
0 6 0 4195
0 11 0 4195
0 25 0 4195
0 29 0 4195
1 8 0 4196
1 19 0 4196
1 23 0 4196
0 6 0 4202
0 9 0 4203
0 14 0 4203
0 19 0 4203
0 23 0 4203
1 0 0 4203
1 10 0 4204
1 17 0 4204
1 21 0 4204
0 4 0 4210
0 12 0 4210
0 18 0 4210
0 22 0 4210
0 25 0 4211
1 13 0 4211
1 29 0 4211
0 1 0 4217
0 12 0 4218
0 18 0 4218
0 20 0 4218
0 29 0 4218
1 1 0 4218
0 22 1 4219
0 23 0 4219
4 5 0 4219
4 22 0 4220
1 1 1 4220
0 16 0 4220
1 0 0 4220
4 14 0 4221
0 7 0 4221
0 22 0 4222
4 18 0 4222
1 15 1 4222
1 16 1 4222
1 17 1 4222
1 18 1 4222
12 20 0 4223
0 19 0 4223
1 10 0 4223
1 25 1 4223
12 4 0 4224
4 5 0 4224
0 12 0 4224
0 18 0 4225
0 23 0 4225
1 8 0 4225
1 12 0 4225
1 17 0 4226
1 26 0 4226
0 4 0 4226
0 12 0 4226
0 20 0 4226
0 22 0 4227
0 24 0 4227
0 26 0 4227
0 29 0 4227
1 7 0 4227
1 24 0 4228
1 28 0 4228
0 4 0 4234
0 11 0 4234
0 18 0 4234
0 25 0 4234
1 15 0 4234
1 20 0 4235
2 0 0 4235
0 3 0 4241
0 16 0 4241
0 20 0 4242
0 24 0 4242
1 16 0 4242
1 25 0 4242
0 7 0 4249
0 13 0 4249
0 16 0 4249
0 28 0 4249
1 8 0 4249
1 15 0 4250
1 29 0 4250
0 1 0 4256
0 8 0 4256
0 11 0 4257
0 14 0 4257
0 16 0 4257
0 18 0 4257
1 3 0 4257
1 18 0 4258
1 26 0 4258
0 0 0 4264
0 11 0 4264
0 23 0 4264
0 29 0 4264
1 6 0 4264
1 11 0 4265
1 23 0 4265
2 1 0 4265
0 8 0 4271
0 10 0 4271
0 21 0 4272
0 25 0 4272
0 28 0 4272
1 9 0 4272
1 15 0 4273
1 23 0 4273
2 1 0 4273
0 13 0 4279
0 23 0 4279
1 6 0 4279
1 10 0 4280
1 14 0 4280
1 21 0 4280
1 28 0 4280
0 1 0 4286
0 4 0 4286
0 8 0 4287
0 24 0 4287
1 4 0 4287
1 11 0 4287
1 28 0 4288
0 11 0 4294
0 15 0 4294
0 21 0 4294
0 26 0 4294
0 29 0 4295
1 5 0 4295
2 1 0 4295
0 15 0 4301
0 20 0 4302
1 6 0 4302
1 14 0 4302
1 23 0 4302
2 0 0 4303
0 0 0 4309
0 4 0 4309
0 8 0 4309
0 12 0 4309
0 19 0 4310
0 29 0 4310
1 8 0 4310
1 16 0 4310
1 25 0 4311
0 5 0 4316
0 9 0 4317
0 13 0 4317
0 16 0 4317
0 25 0 4317
1 1 0 4317
1 6 0 4318
1 16 0 4318
1 28 0 4318
0 0 0 4324
0 3 0 4324
0 5 0 4324
0 9 0 4324
0 24 0 4325
1 10 0 4325
1 23 0 4325
2 2 0 4325
0 10 0 4331
0 17 0 4332
0 24 0 4332
0 26 0 4332
1 17 0 4332
1 20 0 4333
0 2 0 4339
0 8 0 4339
0 14 0 4339
0 20 0 4339
0 28 0 4340
1 5 0 4340
1 10 0 4340
1 20 0 4340
1 24 0 4341
0 3 0 4346
0 13 0 4347
0 23 0 4347
1 3 0 4347
1 10 0 4347
2 2 0 4348
0 5 0 4354
0 7 0 4354
0 11 0 4354
0 14 0 4355
0 24 0 4355
1 10 0 4355
1 21 0 4355
1 29 0 4356
0 7 0 4362
0 10 0 4362
0 16 0 4362
0 24 0 4362
0 28 0 4362
1 1 0 4363
1 9 0 4363
1 18 0 4363
0 5 0 4369
0 8 0 4369
0 12 0 4369
0 18 0 4370
0 20 0 4370
0 23 0 4370
1 2 0 4370
1 15 0 4370
1 26 0 4371
2 3 0 4371
0 4 0 4377
0 6 0 4377
0 11 0 4377
0 18 0 4377
0 22 0 4377
1 8 0 4378
1 14 0 4378
1 17 0 4378
1 25 0 4378
2 3 0 4379
0 9 0 4384
0 16 0 4384
0 25 0 4384
0 28 0 4385
1 5 0 4385
1 20 0 4385
1 28 0 4385
2 2 0 4386
0 6 0 4392
0 9 0 4392
0 17 0 4392
0 20 0 4392
1 2 0 4392
1 9 0 4393
1 24 0 4393
1 28 0 4393
0 13 0 4399
0 19 0 4399
0 23 0 4400
0 26 0 4400
1 14 0 4400
1 27 0 4400
0 4 0 4407
0 9 0 4407
0 12 0 4407
0 19 0 4407
0 24 0 4407
1 8 0 4408
1 29 0 4408
0 1 0 4414
0 6 0 4414
0 16 0 4415
0 23 0 4415
0 27 0 4415
1 3 0 4415
1 6 0 4415
1 13 0 4416
1 29 0 4416
0 1 0 4422
0 9 0 4422
0 14 0 4422
0 18 0 4422
0 24 0 4422
1 10 0 4423
1 17 0 4423
1 23 0 4423
0 0 0 4429
0 2 0 4429
0 8 0 4429
0 18 0 4430
0 22 0 4430
0 24 0 4430
1 4 0 4430
1 16 0 4431
2 1 0 4431
0 1 0 4437
0 9 0 4437
0 14 0 4437
0 20 0 4437
0 25 0 4437
1 6 0 4438
1 14 0 4438
1 22 0 4438
2 1 0 4438
0 14 0 4444
0 21 0 4444
1 6 0 4445
1 10 0 4445
1 21 0 4445
4 11 0 4446
0 6 1 4446
0 23 0 4446
4 20 0 4447
12 5 0 4447
1 10 0 4447
12 27 0 4448
0 5 0 4448
1 8 1 4448
1 11 1 4449
4 10 0 4449
1 17 1 4449
1 19 1 4449
1 21 1 4449
1 28 1 4449
1 29 1 4450
2 0 1 4450
2 2 1 4450
1 0 0 4450
1 14 0 4450
1 21 0 4451
1 27 0 4451
0 3 0 4452
0 6 0 4452
0 12 0 4452
0 20 0 4452
0 25 0 4453
1 10 0 4453
1 19 0 4453
1 29 0 4453
0 4 0 4459
0 17 0 4460
0 26 0 4460
0 29 0 4460
1 6 0 4460
1 15 0 4460
1 20 0 4461
1 27 0 4461
2 1 0 4461
0 3 0 4467
0 7 0 4467
0 11 0 4467
0 16 0 4467
0 20 0 4468
0 22 0 4468
1 6 0 4468
1 15 0 4468
1 26 0 4469
0 7 0 4474
0 10 0 4475
0 14 0 4475
0 23 0 4475
0 25 0 4475
1 21 0 4475
2 1 0 4476
0 6 0 4482
0 14 0 4482
0 19 0 4482
1 3 0 4483
1 13 0 4483
1 24 0 4483
1 28 0 4483
0 7 0 4489
0 9 0 4490
0 15 0 4490
0 27 0 4490
1 8 0 4490
1 16 0 4490
1 20 0 4491
0 1 0 4497
0 6 0 4497
0 8 0 4497
0 15 0 4497
0 28 0 4498
1 0 0 4498
1 7 0 4498
1 11 0 4498
1 29 0 4499
0 0 0 4504
0 5 0 4504
0 15 0 4505
0 17 0 4505
0 20 0 4505
1 3 0 4505
1 15 0 4506
1 25 0 4506
2 2 0 4506
0 7 0 4512
0 15 0 4512
0 19 0 4512
0 24 0 4513
1 4 0 4513
1 29 0 4513
0 19 0 4519
0 25 0 4520
0 28 0 4520
1 8 0 4520
1 16 0 4520
1 26 0 4521
0 2 0 4527
0 5 0 4527
0 9 0 4527
0 18 0 4527
0 22 0 4528
0 28 0 4528
1 6 0 4528
1 14 0 4528
1 19 0 4529
1 23 0 4529
0 10 0 4534
0 12 0 4535
0 20 0 4535
0 27 0 4535
1 7 0 4535
1 16 0 4536
1 27 0 4536
0 6 0 4542
0 16 0 4542
0 25 0 4542
0 29 0 4543
1 17 0 4543
1 24 0 4543
2 1 0 4543
0 4 0 4550
0 6 0 4550
0 11 0 4550
0 28 0 4550
1 14 0 4550
1 24 0 4551
0 2 0 4557
0 13 0 4557
0 16 0 4557
0 20 0 4558
0 28 0 4558
1 7 0 4558
1 17 0 4558
1 22 0 4558
2 0 0 4559
0 17 0 4565
0 20 0 4565
0 27 0 4565
1 4 0 4565
1 7 0 4565
1 23 0 4566
1 29 0 4566
0 2 0 4572
0 10 0 4572
0 14 0 4572
0 26 0 4573
1 5 0 4573
1 25 0 4573
2 3 0 4573
0 20 0 4580
1 4 0 4580
1 11 0 4580
1 21 0 4580
1 27 0 4581
2 1 0 4581
0 8 0 4587
0 13 0 4587
0 23 0 4587
0 28 0 4588
1 6 0 4588
1 14 0 4588
2 0 0 4588
0 17 0 4595
0 20 0 4595
0 26 0 4595
1 17 0 4595
1 24 0 4596
1 28 0 4596
0 1 0 4602
0 8 0 4602
0 11 0 4602
0 20 0 4603
0 24 0 4603
1 7 0 4603
1 12 0 4603
1 19 0 4604
1 28 0 4604
0 8 0 4610
0 16 0 4610
1 8 0 4610
1 15 0 4610
1 25 0 4611
0 0 0 4617
0 9 0 4617
0 17 0 4617
0 24 0 4618
1 4 0 4618
1 14 0 4618
1 21 0 4618
1 25 0 4619
0 0 0 4625
0 3 0 4625
0 7 0 4625
0 13 0 4625
0 21 0 4625
0 27 0 4626
1 9 0 4626
1 17 0 4626
1 24 0 4626
0 1 0 4632
0 4 0 4632
0 10 0 4633
0 24 0 4633
1 4 0 4633
1 18 0 4633
1 23 0 4634
2 0 0 4634
0 1 0 4640
0 12 0 4640
0 14 0 4640
0 20 0 4640
0 29 0 4640
1 5 0 4641
1 17 0 4641
1 28 0 4641
0 14 0 4647
0 20 0 4648
1 3 0 4648
1 13 0 4648
2 1 0 4648
0 3 0 4655
0 10 0 4655
0 12 0 4655
1 11 0 4656
1 21 0 4656
1 28 0 4656
2 3 0 4656
0 11 0 4662
0 18 0 4663
0 24 0 4663
1 12 0 4663
1 27 0 4663
0 22 0 4670
0 27 0 4670
0 29 0 4670
1 7 0 4671
1 12 0 4671
1 19 0 4671
1 27 0 4671
0 5 0 4677
0 17 0 4678
0 24 0 4678
0 29 0 4678
1 6 0 4678
1 21 0 4679
1 27 0 4679
0 4 0 4685
0 8 0 4685
0 14 0 4685
0 27 0 4685
1 5 0 4686
1 13 0 4686
1 18 0 4686
1 27 0 4686
0 3 0 4692
0 7 0 4693
0 27 0 4693
0 29 0 4693
1 11 0 4693
2 2 0 4693
0 10 0 4700
0 14 0 4700
0 20 0 4700
1 8 0 4701
1 20 0 4701
2 2 0 4701
0 5 0 4708
0 13 0 4708
0 19 0 4708
0 27 0 4708
0 29 0 4708
1 11 0 4709
1 24 0 4709
0 8 0 4715
0 11 0 4715
0 16 0 4715
0 19 0 4716
0 27 0 4716
1 5 0 4716
2 1 0 4716
0 3 0 4723
0 10 0 4723
0 16 0 4723
0 25 0 4723
1 11 0 4723
1 17 0 4724
1 26 0 4724
0 13 0 4730
0 21 0 4730
0 28 0 4730
1 12 0 4731
1 24 0 4731
0 1 0 4738
0 6 0 4738
0 12 0 4738
0 16 0 4738
0 21 0 4738
0 24 0 4738
0 28 0 4739
1 2 0 4739
0 1 1 4739
1 0 1 4739
1 2 1 4740
1 5 1 4740
1 7 1 4740
1 10 1 4740
1 11 1 4740
1 13 1 4740
1 14 1 4741
1 15 1 4741
4 28 0 4745
12 16 0 4745
0 5 0 4746
1 29 1 4747
1 16 0 4747
1 6 1 4788
4 12 0 4788
0 3 0 4789
1 13 1 4789
1 15 1 4789
4 19 0 4790
12 28 0 4790
4 19 0 4790
4 5 0 4790
12 14 0 4790
4 18 0 4791
1 29 1 4791
2 1 1 4792
1 6 0 4792
4 5 0 4841
4 7 0 4841
0 1 1 4842
1 4 0 4890
1 7 0 4891
1 16 0 4891
1 22 0 4891
1 29 0 4891
0 1 0 4891
0 7 0 4892
0 15 0 4892
0 23 0 4892
0 29 0 4892
1 5 0 4893
1 13 0 4893
1 24 0 4893
0 1 0 4899
0 6 0 4899
0 9 0 4899
0 18 0 4900
0 28 0 4900
1 9 0 4900
1 16 0 4900
0 0 0 4907
0 3 0 4907
0 10 0 4907
0 20 0 4907
0 24 0 4907
1 1 0 4907
1 12 0 4908
1 26 0 4908
0 13 0 4914
0 21 0 4914
0 28 0 4914
1 4 0 4915
1 10 0 4915
1 18 0 4915
1 22 0 4915
0 0 0 4922
0 3 0 4922
0 14 0 4922
0 22 0 4922
1 3 0 4922
1 7 0 4923
1 13 0 4923
1 18 0 4923
1 29 0 4923
0 3 0 4929
0 15 0 4929
0 25 0 4929
1 3 0 4930
1 15 0 4930
1 25 0 4930
2 1 0 4930
0 4 0 4937
0 16 0 4937
0 29 0 4937
1 16 0 4937
2 3 0 4938
0 9 0 4944
0 14 0 4944
0 16 0 4945
0 24 0 4945
1 10 0 4945
1 19 0 4945
1 26 0 4946
0 0 0 4952
0 4 0 4952
0 16 0 4952
0 20 0 4952
0 25 0 4952
0 27 0 4953
1 2 0 4953
1 21 0 4953
1 24 0 4953
2 0 0 4954
0 7 0 4959
0 16 0 4959
0 23 0 4960
1 9 0 4960
1 17 0 4960
2 2 0 4960
0 18 0 4967
0 21 0 4967
1 5 0 4967
1 19 0 4968
1 24 0 4968
0 0 0 4974
0 9 0 4974
0 12 0 4975
0 16 0 4975
0 19 0 4975
0 27 0 4975
1 4 0 4975
1 15 0 4976
1 18 0 4976
1 29 0 4976
2 3 0 4976
0 3 0 4982
0 8 0 4982
0 15 0 4982
0 18 0 4982
0 21 0 4983
0 29 0 4983
1 8 0 4983
1 20 0 4983
1 25 0 4984
0 4 0 4989
0 7 0 4989
0 18 0 4990
0 25 0 4990
1 4 0 4990
1 15 0 4990
1 27 0 4991
0 13 0 4997
0 24 0 4997
1 5 0 4997
1 16 0 4998
1 25 0 4998
2 2 0 4998
0 3 0 5004
0 8 0 5005
0 11 0 5005
0 26 0 5005
1 11 0 5005
1 25 0 5006
0 3 0 5012
0 15 0 5012
0 22 0 5012
1 1 0 5013
1 21 0 5013
2 1 0 5013
0 7 0 5019
0 16 0 5020
0 21 0 5020
0 26 0 5020
1 5 0 5020
1 12 0 5020
1 18 0 5021
1 24 0 5021
0 14 0 5027
0 19 0 5027
0 24 0 5027
1 3 0 5028
1 6 0 5028
1 10 0 5028
1 23 0 5028
0 1 0 5034
0 4 0 5035
0 6 0 5035
0 8 0 5035
0 17 0 5035
0 26 0 5035
0 29 0 5036
1 16 0 5036
1 23 0 5036
0 4 0 5042
0 12 0 5042
0 19 0 5042
0 21 0 5042
0 27 0 5043
1 9 0 5043
2 0 0 5043
0 9 0 5050
0 20 0 5050
0 22 0 5050
0 26 0 5050
1 5 0 5050
1 11 0 5051
1 27 0 5051
0 3 0 5057
0 9 0 5057
0 11 0 5057
0 16 0 5057
0 29 0 5058
1 6 0 5058
1 10 0 5058
1 16 0 5058
1 24 0 5059
0 0 0 5064
0 6 0 5065
0 25 0 5065
1 6 0 5065
1 17 0 5065
2 0 0 5066
0 4 0 5072
0 9 0 5072
0 19 0 5072
0 28 0 5073
1 12 0 5073
1 20 0 5073
0 2 0 5079
0 6 0 5080
0 8 0 5080
0 20 0 5080
1 7 0 5080
1 13 0 5081
0 0 0 5087
0 10 0 5087
0 17 0 5087
0 21 0 5088
0 23 0 5088
0 29 0 5088
1 10 0 5088
1 17 0 5088
1 29 0 5089
0 10 0 5095
0 19 0 5095
0 21 0 5095
0 29 0 5095
1 7 0 5095
1 12 0 5096
1 27 0 5096
0 8 0 5102
0 25 0 5102
1 8 0 5103
1 15 0 5103
1 28 0 5103
0 7 0 5110
0 10 0 5110
0 15 0 5110
0 17 0 5110
0 20 0 5110
1 8 0 5111
1 14 0 5111
1 24 0 5111
0 10 0 5117
0 14 0 5117
0 24 0 5118
0 27 0 5118
1 11 0 5118
1 21 0 5118
1 28 0 5119
0 3 0 5125
0 9 0 5125
0 13 0 5125
1 12 0 5125
1 25 0 5126
2 2 0 5126
0 7 0 5132
0 12 0 5132
0 17 0 5133
0 20 0 5133
0 23 0 5133
0 29 0 5133
1 13 0 5133
1 20 0 5134
1 29 0 5134
0 5 0 5140
0 12 0 5140
0 22 0 5140
0 27 0 5140
0 29 0 5140
1 9 0 5141
1 13 0 5141
1 18 0 5141
2 0 0 5141
0 18 0 5147
0 23 0 5147
1 0 0 5148
1 6 0 5148
1 17 0 5148
1 24 0 5148
0 4 0 5155
0 12 0 5155
0 14 0 5155
0 16 0 5155
0 25 0 5156
0 27 0 5156
1 3 0 5156
1 13 0 5156
1 28 0 5156
0 11 0 5162
0 18 0 5162
0 20 0 5163
1 11 0 5163
1 19 0 5163
2 2 0 5163
0 2 0 5170
0 6 0 5170
0 12 0 5170
0 16 0 5170
0 28 0 5171
1 13 0 5171
1 21 0 5171
1 28 0 5171
0 3 0 5177
0 10 0 5177
0 13 0 5178
0 2 1 5178
0 9 1 5178
1 4 1 5178
1 13 1 5179
1 16 1 5179
1 18 1 5179
1 10 0 5179
1 22 1 5180
4 27 0 5180
1 24 1 5180
1 25 1 5180
1 26 1 5180
1 5 0 5181
4 5 0 5181
0 22 0 5230
0 2 1 5231
0 3 1 5231
0 4 1 5231
4 27 0 5231
4 15 0 5232
12 17 0 5232
0 18 1 5233
1 18 0 5233
4 20 0 5266
0 2 0 5267
4 5 0 5268
4 5 0 5268
0 7 0 5268
1 4 1 5268
2 5 0 5268
0 10 0 5269
1 5 1 5269
1 6 1 5269
1 14 1 5270
0 5 0 5270
12 28 0 5270
1 21 1 5271
1 28 1 5271
4 5 0 5272
4 22 0 5272
4 2 0 5274
0 7 0 5274
4 14 0 5275
4 29 0 5275
0 5 0 5275
4 16 0 5276
4 5 0 5277
4 23 0 5277
1 8 0 5278
4 21 0 5279
1 28 0 5279
0 1 0 5279
4 14 0 5280
0 16 1 5313
0 23 1 5313
4 5 0 5313
0 24 1 5314
0 14 0 5314
12 22 0 5314
1 3 1 5315
4 5 0 5316
4 2 0 5316
1 7 0 5316
1 19 0 5316
1 29 0 5317
0 2 0 5317
0 7 0 5317
0 19 0 5317
0 24 0 5317
0 28 0 5318
1 5 0 5318
1 21 0 5318
2 3 0 5318
0 7 0 5325
0 17 0 5325
4 21 0 5325
4 10 0 5326
1 26 0 5326
12 5 0 5326
1 22 1 5329
4 21 0 5329
4 21 0 5330
12 15 0 5330
1 27 1 5331
4 18 0 5331
4 18 0 5331
1 8 0 5332
0 4 0 5332
0 9 0 5332
0 16 0 5332
0 25 0 5333
0 28 0 5333
1 1 0 5333
1 11 0 5333
1 18 0 5334
1 28 0 5334
0 3 0 5340
0 7 0 5340
0 13 0 5340
0 19 0 5340
0 25 0 5340
1 2 0 5341
1 17 0 5341
1 24 0 5341
0 5 0 5347
0 10 0 5347
0 15 0 5348
0 18 0 5348
0 20 0 5348
1 9 0 5348
1 22 0 5348
0 7 0 5355
0 11 0 5355
0 23 0 5355
0 26 0 5355
1 4 0 5355
1 17 0 5356
2 2 0 5356
0 13 0 5362
0 16 0 5362
0 27 0 5363
1 12 0 5363
1 16 0 5363
1 20 0 5363
0 5 0 5370
0 10 0 5370
0 17 0 5370
0 20 0 5370
0 22 0 5370
1 1 0 5371
1 7 0 5371
1 10 0 5371
1 21 0 5371
2 3 0 5372
0 2 0 5377
0 8 0 5377
0 11 0 5378
0 21 0 5378
0 26 0 5378
1 4 0 5378
1 9 0 5379
1 13 0 5379
1 19 0 5379
1 25 0 5379
2 1 0 5380
0 4 0 5385
0 6 0 5385
0 9 0 5385
0 26 0 5385
1 10 0 5386
1 21 0 5386
1 28 0 5386
2 3 0 5386
0 11 0 5392
0 13 0 5393
0 22 0 5393
1 6 0 5393
1 18 0 5393
1 28 0 5394
0 0 0 5400
0 8 0 5400
0 10 0 5400
0 13 0 5400
0 17 0 5400
0 25 0 5401
0 27 0 5401
1 6 0 5401
1 23 0 5401
0 3 0 5407
0 17 0 5407
0 24 0 5408
1 8 0 5408
1 12 0 5408
1 21 0 5408
2 0 0 5409
0 2 0 5415
0 14 0 5415
0 22 0 5415
1 1 0 5415
1 16 0 5416
2 1 0 5416
0 8 0 5422
0 12 0 5423
0 14 0 5423
0 26 0 5423
1 3 0 5423
1 13 0 5424
1 20 0 5424
1 25 0 5424
2 2 0 5424
0 2 0 5430
0 6 0 5430
0 16 0 5430
0 21 0 5430
0 26 0 5431
1 6 0 5431
1 23 0 5431
0 0 0 5437
0 8 0 5438
0 22 0 5438
0 28 0 5438
1 6 0 5438
1 22 0 5438
0 4 0 5445
0 9 0 5445
0 15 0 5445
0 18 0 5445
0 20 0 5446
0 26 0 5446
1 5 0 5446
1 12 0 5446
1 17 0 5447
1 28 0 5447
2 3 0 5447
0 12 0 5453
0 28 0 5453
1 10 0 5453
1 20 0 5453
1 27 0 5453
0 4 0 5460
0 8 0 5460
0 15 0 5460
0 23 0 5461
0 25 0 5461
0 27 0 5461
1 0 0 5461
1 19 0 5461
0 2 0 5467
0 9 0 5468
0 11 0 5468
0 18 0 5468
1 8 0 5468
1 17 0 5469
1 27 0 5469
0 9 0 5475
0 17 0 5475
0 19 0 5475
0 23 0 5476
1 4 0 5476
1 16 0 5476
1 19 0 5476
2 0 0 5477
0 3 0 5483
0 9 0 5483
0 18 0 5483
0 20 0 5483
0 23 0 5483
0 28 0 5483
1 1 0 5484
1 13 0 5484
1 20 0 5484
0 2 0 5490
0 8 0 5490
0 15 0 5490
0 17 0 5491
0 20 0 5491
0 22 0 5491
1 0 0 5491
1 23 0 5491
2 3 0 5492
0 8 0 5498
0 11 0 5498
0 14 0 5498
0 19 0 5498
0 24 0 5498
1 7 0 5499
2 0 0 5499
0 3 0 5505
0 6 0 5505
0 13 0 5505
0 22 0 5506
0 27 0 5506
1 4 0 5506
1 13 0 5506
1 24 0 5507
0 3 0 5513
0 10 0 5513
0 15 0 5513
0 18 0 5513
0 22 0 5513
1 0 0 5513
1 6 0 5514
1 20 0 5514
0 6 0 5520
0 26 0 5520
0 28 0 5521
1 17 0 5521
2 1 0 5521
0 5 0 5528
0 15 0 5528
0 18 0 5528
0 22 0 5528
0 26 0 5528
1 1 0 5529
1 6 0 5529
1 16 0 5529
0 1 0 5535
0 11 0 5535
0 19 0 5535
0 22 0 5536
0 28 0 5536
1 7 0 5536
1 25 0 5536
0 0 0 5543
0 3 0 5543
0 8 0 5543
0 14 0 5543
0 24 0 5543
1 17 0 5544
1 28 0 5544
2 1 0 5544
0 6 0 5550
0 15 0 5550
0 19 0 5551
0 26 0 5551
1 7 0 5551
1 11 0 5551
1 15 0 5552
1 29 0 5552
0 1 0 5558
0 13 0 5558
0 16 0 5558
0 18 0 5558
0 27 0 5558
1 2 0 5559
1 9 0 5559
1 13 0 5559
1 26 0 5559
0 10 0 5565
0 13 0 5565
1 12 0 5566
2 2 0 5566
0 13 0 5573
0 24 0 5573
0 28 0 5573
1 10 0 5573
1 15 0 5574
1 25 0 5574
0 7 0 5580
0 19 0 5581
1 4 0 5581
1 10 0 5581
1 14 0 5581
1 18 0 5582
1 24 0 5582
0 22 0 5588
0 26 0 5588
1 18 0 5589
2 0 0 5589
0 11 0 5595
0 18 0 5596
0 21 0 5596
0 27 0 5596
1 16 0 5596
1 23 0 5596
0 1 0 5603
0 3 0 5603
0 8 0 5603
0 25 0 5603
1 17 0 5604
1 28 0 5604
0 1 0 5610
0 6 0 5611
0 10 0 5611
0 14 0 5611
0 18 0 5611
0 24 0 5611
0 28 0 5612
1 0 0 5612
1 13 0 5612
1 23 0 5612
2 1 0 5612
0 1 0 5618
0 3 0 5618
0 13 0 5618
0 15 0 5618
0 21 0 5619
1 13 0 5619
1 19 0 5619
1 28 0 5619
0 5 0 5625
0 8 0 5626
0 17 0 5626
0 22 0 5626
1 2 0 5626
1 23 0 5627
2 0 0 5627
0 2 0 5633
0 5 0 5633
0 13 0 5633
0 22 0 5634
1 4 0 5634
1 10 0 5634
1 20 0 5634
1 27 0 5635
0 4 0 5640
0 13 0 5641
0 16 0 5641
0 27 0 5641
1 2 0 5641
1 13 0 5642
1 26 0 5642
0 0 0 5648
0 5 0 5648
0 12 0 5648
0 24 0 5648
0 27 0 5649
1 19 0 5649
1 27 0 5649
0 2 0 5655
0 6 0 5656
0 13 0 5656
0 24 0 5656
0 26 0 5656
1 5 0 5657
1 20 0 5657
1 24 0 5657
2 1 0 5657
0 0 0 5663
0 2 0 5663
0 6 0 5663
0 18 0 5664
0 21 0 5664
0 23 0 5664
0 28 0 5664
1 1 0 5664
1 15 0 5665
1 24 0 5665
1 29 0 5665
0 9 0 5671
0 13 0 5671
1 3 0 5671
1 10 0 5671
1 16 0 5672
1 28 0 5672
0 1 0 5678
0 5 0 5678
0 9 0 5678
0 16 0 5679
1 3 0 5679
1 11 0 5679
1 23 0 5679
0 5 0 5686
0 12 0 5686
0 17 0 5686
0 28 0 5686
1 0 0 5686
1 13 0 5687
1 29 0 5687
0 9 0 5693
0 26 0 5693
1 1 0 5694
1 16 0 5694
2 0 0 5694
2 3 0 5694
0 11 0 5701
0 14 0 5701
0 28 0 5701
1 6 0 5701
1 16 0 5702
0 2 0 5708
0 7 0 5708
0 11 0 5709
0 20 0 5709
0 22 0 5709
1 12 0 5709
1 16 0 5709
1 24 0 5710
2 1 0 5710
0 3 0 5716
0 8 0 5716
0 11 0 5716
0 15 0 5716
0 25 0 5717
1 7 0 5717
1 18 0 5717
2 0 0 5717
0 4 0 5723
0 10 0 5723
0 19 0 5724
0 22 0 5724
1 2 0 5724
1 11 0 5724
1 18 0 5725
2 0 0 5725
0 5 0 5731
0 16 0 5731
0 19 0 5731
0 23 0 5731
1 19 0 5732
2 2 0 5732
0 8 0 5738
0 14 0 5738
0 26 0 5739
1 16 0 5739
1 21 0 5739
0 3 0 5746
0 9 0 5746
0 13 0 5746
0 21 0 5746
0 29 0 5747
1 17 0 5747
2 3 0 5747
0 9 0 5753
0 19 0 5754
0 22 0 5754
0 26 0 5754
0 29 0 5754
1 3 0 5754
1 10 0 5755
1 19 0 5755
1 28 0 5755
0 2 0 5761
0 9 0 5761
0 22 0 5761
0 26 0 5761
1 4 0 5762
1 18 0 5762
2 2 0 5762
0 2 0 5768
0 4 0 5769
0 7 0 5769
0 18 0 5769
0 22 0 5769
1 2 0 5769
1 8 0 5770
1 19 0 5770
0 0 0 5776
0 3 0 5776
0 20 0 5776
0 28 0 5776
1 9 0 5777
1 22 0 5777
1 29 0 5777
0 9 0 5783
0 12 0 5784
0 20 0 5784
0 23 0 5784
0 25 0 5784
1 7 0 5784
1 14 0 5785
1 20 0 5785
2 2 0 5785
0 12 0 5791
0 17 0 5791
0 23 0 5791
0 27 0 5792
1 9 0 5792
1 16 0 5792
2 0 0 5792
0 2 0 5798
0 5 0 5799
0 8 0 5799
0 10 0 5799
0 14 0 5799
0 16 0 5799
0 23 0 5800
0 29 0 5800
1 10 0 5800
0 1 0 5806
0 16 0 5806
0 24 0 5806
0 29 0 5806
1 13 0 5807
1 24 0 5807
2 2 0 5807
0 13 0 5814
0 17 0 5814
0 21 0 5814
0 27 0 5814
1 7 0 5814
1 14 0 5815
1 17 0 5815
1 26 0 5815
0 10 0 5821
0 12 0 5821
0 21 0 5821
0 25 0 5822
1 4 0 5822
1 14 0 5822
1 21 0 5822
1 25 0 5823
0 6 0 5828
0 13 0 5829
0 21 0 5829
0 25 0 5829
0 29 0 5829
1 3 0 5829
1 9 0 5830
1 25 0 5830
0 1 0 5836
0 6 0 5836
0 15 0 5836
0 22 0 5837
0 27 0 5837
1 4 0 5837
1 11 0 5837
1 28 0 5837
0 2 0 5843
0 6 0 5844
0 15 0 5844
0 22 0 5844
0 25 0 5844
0 27 0 5844
0 29 0 5845
1 5 0 5845
1 17 0 5845
1 21 0 5845
1 26 0 5846
2 2 0 5846
0 4 0 5851
0 8 0 5851
0 18 0 5851
0 24 0 5852
0 29 0 5852
1 13 0 5852
1 16 0 5852
2 2 0 5853
0 11 0 5859
0 17 0 5859
0 21 0 5859
0 23 0 5859
0 25 0 5859
1 10 0 5860
1 19 0 5860
2 3 0 5860
0 10 0 5866
0 18 0 5866
0 23 0 5867
0 27 0 5867
1 2 0 5867
1 7 0 5867
1 18 0 5867
1 28 0 5868
2 3 0 5868
0 15 0 5874
0 23 0 5874
1 3 0 5874
1 6 0 5874
1 12 0 5875
1 18 0 5875
1 27 0 5875
0 1 0 5881
0 8 0 5881
0 12 0 5881
0 23 0 5882
1 8 0 5882
1 25 0 5882
2 3 0 5882
0 9 0 5889
0 21 0 5889
1 2 0 5889
1 11 0 5889
1 17 0 5890
1 25 0 5890
0 6 0 5896
0 10 0 5896
0 18 0 5897
0 25 0 5897
1 5 0 5897
1 16 0 5897
0 4 0 5904
0 9 0 5904
0 11 0 5904
0 13 0 5904
0 22 0 5904
0 25 0 5905
0 27 0 5905
1 15 0 5905
1 21 0 5905
0 0 0 5911
0 2 0 5911
0 5 0 5912
0 9 0 5912
0 19 0 5912
0 25 0 5912
1 4 0 5912
1 14 0 5913
1 27 0 5913
0 2 0 5919
0 8 0 5919
0 11 0 5919
0 15 0 5919
0 18 0 5919
0 26 0 5920
1 4 0 5920
1 16 0 5920
1 25 0 5920
1 29 0 5921
0 1 0 5926
0 17 0 5926
0 25 0 5927
0 29 0 5927
1 2 0 5927
1 5 0 5927
1 16 0 5928
2 0 0 5928
2 3 0 5928
0 2 0 5934
0 9 0 5934
0 11 0 5934
0 16 0 5934
0 22 0 5935
0 25 0 5935
0 29 0 5935
1 1 0 5935
1 18 0 5935
0 5 0 5941
0 8 0 5941
0 23 0 5942
0 29 0 5942
1 8 0 5942
1 13 0 5942
1 22 0 5943
2 2 0 5943
0 9 0 5949
0 12 0 5949
0 18 0 5949
0 21 0 5949
0 28 0 5950
1 21 0 5950
1 29 0 5950
0 16 0 5956
0 19 0 5957
0 24 0 5957
0 26 0 5957
1 2 0 5957
1 17 0 5957
1 24 0 5958
0 5 0 5964
0 9 0 5964
0 19 0 5964
1 6 0 5964
1 16 0 5965
1 28 0 5965
0 3 0 5971
0 9 0 5972
0 19 0 5972
0 22 0 5972
0 24 0 5972
1 4 0 5972
1 17 0 5973
1 23 0 5973
2 2 0 5973
0 20 0 5979
0 22 0 5979
0 28 0 5979
1 1 0 5979
1 9 0 5980
1 17 0 5980
2 1 0 5980
0 5 0 5986
0 10 0 5987
0 15 0 5987
0 20 0 5987
1 8 0 5987
1 24 0 5988
2 0 0 5988
0 22 0 5994
1 0 0 5994
1 8 0 5994
1 20 0 5995
2 1 0 5995
0 3 0 6001
0 19 0 6002
0 25 0 6002
1 13 0 6002
1 17 0 6002
1 25 0 6003
0 4 0 6009
0 8 0 6009
0 13 0 6009
0 19 0 6010
0 27 0 6010
1 6 0 6010
1 18 0 6010
1 25 0 6011
0 8 0 6016
0 15 0 6017
0 19 0 6017
0 28 0 6017
1 10 0 6017
1 27 0 6018
0 1 0 6024
0 6 0 6024
0 10 0 6024
0 13 0 6025
0 20 0 6025
0 23 0 6025
1 11 0 6025
1 21 0 6026
0 0 0 6031
0 5 0 6032
0 14 0 6032
0 17 0 6032
0 24 0 6032
1 3 0 6032
1 11 0 6033
1 18 0 6033
2 1 0 6033
0 13 0 6039
0 21 0 6039
0 28 0 6040
1 9 0 6040
1 24 0 6040
0 3 0 6047
0 8 0 6047
0 12 0 6047
0 14 0 6047
0 20 0 6047
0 22 0 6047
1 1 0 6048
1 8 0 6048
1 22 0 6048
1 29 0 6049
0 5 0 6054
0 16 0 6054
0 21 0 6054
0 27 0 6055
1 5 0 6055
1 15 0 6055
1 22 0 6055
2 0 0 6056
0 4 0 6062
0 8 0 6062
0 14 0 6062
0 17 0 6062
0 25 0 6062
1 11 0 6063
1 18 0 6063
1 22 0 6063
0 2 0 6069
0 6 0 6069
0 15 0 6069
0 17 0 6070
0 21 0 6070
0 25 0 6070
1 3 0 6070
1 20 0 6071
0 4 0 6077
0 10 0 6077
0 16 0 6077
0 20 0 6077
0 27 0 6077
1 2 0 6078
1 17 0 6078
0 4 0 6084
0 10 0 6084
0 14 0 6085
0 16 0 6085
0 22 0 6085
1 9 0 6085
1 24 0 6085
2 1 0 6086
0 11 0 6092
0 22 0 6092
0 24 0 6092
1 1 0 6092
1 6 0 6093
1 17 0 6093
1 24 0 6093
1 28 0 6093
0 1 0 6099
0 5 0 6099
0 15 0 6100
0 19 0 6100
1 6 0 6100
1 16 0 6100
2 2 0 6101
0 1 0 6107
0 8 0 6107
0 10 0 6107
0 17 0 6107
0 20 0 6108
0 29 0 6108
1 7 0 6108
1 13 0 6108
1 17 0 6108
1 26 0 6109
2 1 0 6109
0 8 0 6114
0 18 0 6115
0 25 0 6115
1 7 0 6115
2 1 0 6115
0 8 0 6122
0 17 0 6122
0 22 0 6122
1 2 0 6123
1 26 0 6123
0 3 0 6129
0 26 0 6130
1 4 0 6130
1 9 0 6130
1 15 0 6130
1 27 0 6131
0 0 0 6137
0 2 0 6137
0 5 0 6137
0 7 0 6137
0 10 0 6138
0 12 0 6138
0 27 0 6138
1 0 0 6138
1 12 0 6138
1 24 0 6139
0 18 0 6144
0 24 0 6145
0 28 0 6145
1 2 0 6145
1 7 0 6145
1 20 0 6146
1 29 0 6146
0 4 0 6152
0 11 0 6152
0 15 0 6152
0 25 0 6153
0 29 0 6153
1 13 0 6153
1 27 0 6153
2 3 0 6153
0 9 0 6159
0 18 0 6160
0 27 0 6160
1 6 0 6160
1 14 0 6160
1 25 0 6161
0 20 0 6167
0 24 0 6167
0 26 0 6167
1 5 0 6168
1 19 0 6168
1 22 0 6168
0 1 0 6174
0 7 0 6175
0 10 0 6175
0 16 0 6175
0 24 0 6175
0 26 0 6175
1 2 0 6176
1 10 0 6176
1 18 0 6176
0 4 0 6182
0 6 0 6182
0 13 0 6182
0 19 0 6182
0 23 0 6183
1 6 0 6183
1 17 0 6183
1 25 0 6183
0 0 0 6189
0 12 0 6190
0 15 0 6190
1 3 0 6190
1 9 0 6190
2 0 0 6191
0 4 0 6197
0 7 0 6197
0 14 0 6197
0 20 0 6198
0 23 0 6198
1 5 0 6198
1 9 0 6198
1 19 0 6199
1 23 0 6199
0 0 0 6204
0 5 0 6205
0 13 0 6205
0 17 0 6205
0 22 0 6205
1 5 0 6205
1 17 0 6206
1 27 0 6206
0 3 0 6212
0 6 0 6212
0 9 0 6212
0 21 0 6213
0 24 0 6213
0 26 0 6213
0 29 0 6213
1 4 0 6213
1 8 0 6214
1 17 0 6214
1 28 0 6214
0 0 0 6219
0 5 0 6220
0 15 0 6220
0 26 0 6220
1 16 0 6220
1 22 0 6221
1 26 0 6221
0 11 0 6227
0 16 0 6227
0 25 0 6227
0 27 0 6228
1 1 0 6228
1 8 0 6228
1 14 0 6228
1 29 0 6229
0 11 0 6235
0 17 0 6235
0 27 0 6235
1 5 0 6235
1 10 0 6236
1 18 0 6236
1 25 0 6236
1 28 0 6236
0 2 0 6242
0 5 0 6242
0 9 0 6243
0 15 0 6243
0 17 0 6243
0 26 0 6243
1 11 0 6243
1 22 0 6244
1 26 0 6244
2 3 0 6244
0 9 0 6250
0 18 0 6250
0 25 0 6250
1 4 0 6250
1 9 0 6251
1 18 0 6251
0 4 0 6257
0 10 0 6257
0 14 0 6257
0 24 0 6258
0 26 0 6258
1 6 0 6258
1 10 0 6258
1 16 0 6259
1 19 0 6259
1 26 0 6259
2 0 0 6259
0 0 0 6265
0 6 0 6265
0 13 0 6265
0 20 0 6265
0 25 0 6265
1 13 0 6266
1 24 0 6266
2 1 0 6266
0 5 0 6272
0 14 0 6272
1 11 0 6273
1 15 0 6273
2 0 0 6273
0 3 0 6280
0 5 0 6280
0 8 0 6280
0 11 0 6280
0 14 0 6280
0 22 0 6281
0 29 0 6281
1 10 0 6281
1 17 0 6281
1 23 0 6282
2 2 0 6282
0 11 0 6287
0 14 0 6288
0 20 0 6288
0 29 0 6288
1 1 0 6288
1 6 0 6288
1 10 0 6289
1 22 0 6289
2 2 0 6289
0 7 0 6295
0 15 0 6295
0 20 0 6295
0 25 0 6295
0 28 0 6296
1 9 0 6296
1 25 0 6296
2 3 0 6296
0 11 0 6302
0 14 0 6303
0 18 0 6303
0 22 0 6303
1 13 0 6303
1 24 0 6303
1 27 0 6304
2 2 0 6304
0 1 0 6310
0 9 0 6310
0 13 0 6310
0 15 0 6310
0 17 0 6311
0 28 0 6311
1 3 0 6311
1 14 0 6311
1 24 0 6311
1 28 0 6312
2 2 0 6312
0 10 0 6317
0 13 0 6318
0 16 0 6318
0 24 0 6318
1 11 0 6318
1 21 0 6318
1 28 0 6319
0 7 0 6325
0 10 0 6325
0 22 0 6325
1 6 0 6325
1 20 0 6326
2 3 0 6326
0 11 0 6332
0 15 0 6333
0 19 0 6333
0 29 0 6333
1 8 0 6333
1 19 0 6334
1 23 0 6334
0 1 0 6340
0 3 0 6340
0 9 0 6340
0 13 0 6340
0 18 0 6341
0 28 0 6341
1 8 0 6341
1 13 0 6341
1 25 0 6342
2 3 0 6342
0 9 0 6347
0 13 0 6348
0 18 0 6348
0 22 0 6348
0 24 0 6348
1 12 0 6349
1 18 0 6349
1 29 0 6349
0 15 0 6355
0 19 0 6355
0 25 0 6355
1 7 0 6356
1 14 0 6356
1 26 0 6356
2 1 0 6356
0 12 0 6362
0 17 0 6363
0 27 0 6363
1 9 0 6363
1 15 0 6363
1 26 0 6364
0 3 0 6370
0 8 0 6370
0 11 0 6370
0 20 0 6371
1 4 0 6371
1 7 0 6371
1 16 0 6371
1 27 0 6372
0 0 0 6377
0 4 0 6378
0 11 0 6378
0 28 0 6378
1 4 0 6378
1 11 0 6379
1 17 0 6379
1 24 0 6379
0 5 0 6385
0 8 0 6385
0 12 0 6385
0 17 0 6386
0 20 0 6386
0 23 0 6386
1 4 0 6386
1 21 0 6386
0 12 0 6393
0 21 0 6393
0 26 0 6393
0 29 0 6393
1 8 0 6393
1 17 0 6394
1 27 0 6394
2 3 0 6394
0 6 0 6400
0 10 0 6400
0 21 0 6401
0 28 0 6401
1 4 0 6401
1 16 0 6401
1 23 0 6401
0 0 0 6408
0 7 0 6408
0 12 0 6408
0 18 0 6408
0 27 0 6408
1 2 0 6408
1 6 0 6409
2 0 0 6409
0 3 0 6415
0 5 0 6415
0 8 0 6416
0 18 0 6416
0 21 0 6416
0 27 0 6416
1 5 0 6416
1 13 0 6417
1 22 0 6417
2 3 0 6417
0 4 0 6423
0 10 0 6423
0 14 0 6423
0 23 0 6423
1 12 0 6424
1 22 0 6424
0 5 0 6430
0 10 0 6430
0 28 0 6430
1 2 0 6431
1 17 0 6431
1 29 0 6431
0 15 0 6438
0 19 0 6438
0 27 0 6438
1 6 0 6438
1 14 0 6439
1 24 0 6439
1 27 0 6439
2 0 0 6439
0 24 0 6445
0 27 0 6445
1 3 0 6446
1 13 0 6446
1 23 0 6446
2 1 0 6446
0 4 0 6453
0 12 0 6453
0 19 0 6453
0 25 0 6453
1 9 0 6454
1 19 0 6454
1 26 0 6454
0 7 0 6460
0 10 0 6460
0 26 0 6461
1 9 0 6461
1 21 0 6461
1 28 0 6461
0 1 0 6468
0 8 0 6468
0 17 0 6468
0 19 0 6468
1 11 0 6469
1 17 0 6469
1 20 0 6469
0 3 0 6475
0 21 0 6475
0 27 0 6476
1 10 0 6476
1 16 0 6476
2 3 0 6476
0 8 0 6483
0 12 0 6483
0 14 0 6483
0 27 0 6483
1 9 0 6484
1 25 0 6484
0 4 0 6490
0 10 0 6491
0 22 0 6491
0 27 0 6491
1 9 0 6491
1 20 0 6491
1 28 0 6492
2 3 0 6492
0 4 0 6498
0 10 0 6498
0 26 0 6498
0 29 0 6498
1 12 0 6499
1 22 0 6499
1 28 0 6499
0 4 0 6505
0 10 0 6505
0 22 0 6506
0 26 0 6506
1 10 0 6506
1 18 0 6506
1 29 0 6507
0 19 0 6513
0 25 0 6513
1 7 0 6513
1 18 0 6514
1 22 0 6514
2 2 0 6514
0 8 0 6520
0 18 0 6521
0 24 0 6521
0 28 0 6521
1 3 0 6521
1 8 0 6521
1 13 0 6522
1 19 0 6522
0 5 0 6528
0 11 0 6528
0 21 0 6528
1 4 0 6528
1 19 0 6529
0 6 0 6536
0 10 0 6536
0 22 0 6536
0 24 0 6536
1 7 0 6536
1 17 0 6537
1 21 0 6537
2 0 0 6537
0 13 0 6543
0 15 0 6543
0 18 0 6543
0 24 0 6544
1 13 0 6544
1 23 0 6544
2 0 0 6544
0 2 0 6550
0 11 0 6551
0 15 0 6551
0 19 0 6551
0 25 0 6551
1 17 0 6551
0 8 0 6558
0 16 0 6558
0 21 0 6558
0 23 0 6559
1 1 0 6559
1 7 0 6559
1 18 0 6559
1 28 0 6560
0 3 0 6565
0 10 0 6566
0 20 0 6566
0 25 0 6566
1 8 0 6566
1 15 0 6567
2 0 0 6567
0 15 0 6573
0 20 0 6573
0 24 0 6573
1 5 0 6574
1 14 0 6574
1 23 0 6574
2 1 0 6574
0 4 0 6581
0 11 0 6581
0 18 0 6581
1 8 0 6581
1 12 0 6581
1 19 0 6582
1 24 0 6582
0 4 0 6588
0 16 0 6588
0 21 0 6588
0 24 0 6589
1 4 0 6589
1 21 0 6589
1 26 0 6589
0 0 0 6596
0 8 0 6596
0 11 0 6596
0 19 0 6596
0 22 0 6596
0 24 0 6596
1 5 0 6597
1 19 0 6597
1 27 0 6597
2 1 0 6598
0 12 0 6603
0 16 0 6603
0 21 0 6604
0 26 0 6604
1 5 0 6604
1 11 0 6604
1 21 0 6605
2 0 0 6605
0 6 0 6611
0 15 0 6611
0 22 0 6611
1 5 0 6611
1 10 0 6612
1 19 0 6612
1 29 0 6612
0 8 0 6618
0 11 0 6618
0 17 0 6619
1 6 0 6619
2 0 0 6619
0 5 0 6626
0 8 0 6626
0 19 0 6626
0 25 0 6626
1 3 0 6627
1 12 0 6627
1 19 0 6627
1 26 0 6627
1 29 0 6628
0 6 0 6633
0 9 0 6633
0 11 0 6634
0 18 0 6634
0 21 0 6634
0 25 0 6634
1 11 0 6634
1 27 0 6635
2 0 0 6635
0 4 0 6641
0 8 0 6641
0 11 0 6641
0 18 0 6641
0 21 0 6641
0 29 0 6642
1 7 0 6642
1 15 0 6642
1 23 0 6642
2 3 0 6643
0 8 0 6648
0 19 0 6649
0 23 0 6649
0 28 0 6649
1 6 0 6649
1 10 0 6649
1 23 0 6650
0 1 0 6656
0 6 0 6656
0 9 0 6656
0 12 0 6656
0 15 0 6656
0 19 0 6657
0 27 0 6657
1 7 0 6657
1 14 0 6657
1 24 0 6658
0 4 0 6663
0 7 0 6663
0 11 0 6664
0 23 0 6664
1 9 0 6664
1 28 0 6664
2 3 0 6665
0 6 0 6671
0 10 0 6671
0 13 0 6671
0 22 0 6671
0 27 0 6672
1 17 0 6672
1 29 0 6672
0 2 0 6678
0 12 0 6679
0 23 0 6679
1 8 0 6679
1 13 0 6679
1 17 0 6679
1 29 0 6680
0 1 0 6686
0 4 0 6686
0 17 0 6686
0 25 0 6686
0 28 0 6687
1 1 0 6687
1 10 0 6687
1 16 0 6687
0 0 0 6693
0 5 0 6693
0 7 0 6694
0 12 0 6694
0 14 0 6694
0 16 0 6694
0 28 0 6694
1 13 0 6695
1 16 0 6695
1 20 0 6695
2 0 0 6696
0 7 0 6701
0 13 0 6701
0 24 0 6701
0 27 0 6701
1 3 0 6702
1 6 0 6702
1 16 0 6702
1 22 0 6703
1 29 0 6703
0 0 0 6708
0 4 0 6709
0 6 0 6709
0 14 0 6709
0 20 0 6709
0 29 0 6709
1 8 0 6710
1 17 0 6710
1 27 0 6710
2 2 0 6710
0 7 0 6716
0 11 0 6716
0 19 0 6716
1 12 0 6717
1 21 0 6717
0 0 0 6723
0 5 0 6724
0 14 0 6724
0 18 0 6724
0 21 0 6724
0 24 0 6724
1 2 0 6725
1 15 0 6725
1 29 0 6725
0 11 0 6731
0 15 0 6731
0 20 0 6731
0 28 0 6732
1 7 0 6732
1 17 0 6732
1 23 0 6732
1 28 0 6733
0 3 0 6738
0 7 0 6739
0 9 0 6739
0 15 0 6739
0 19 0 6739
1 15 0 6739
1 22 0 6740
2 2 0 6740
0 2 0 6746
0 6 0 6746
0 9 0 6746
0 15 0 6747
0 23 0 6747
0 26 0 6747
1 4 0 6747
1 11 0 6747
1 17 0 6748
1 26 0 6748
2 3 0 6748
0 2 0 6754
0 13 0 6754
0 16 0 6754
0 22 0 6754
1 12 0 6754
1 25 0 6755
1 28 0 6755
0 0 0 6761
0 2 0 6761
0 7 0 6761
0 15 0 6762
0 23 0 6762
1 1 0 6762
1 5 0 6762
1 19 0 6763
1 26 0 6763
0 13 0 6769
0 21 0 6769
0 27 0 6769
1 5 0 6769
1 18 0 6769
1 29 0 6770
2 3 0 6770
0 15 0 6776
0 23 0 6776
4 19 0 6779
4 25 0 6780
4 4 0 6784
4 26 0 6784
4 8 0 6785
4 26 0 6785
0 7 0 6786
4 5 0 6786
4 7 0 6791
4 21 0 6793
0 28 0 6796
1 12 0 6796
4 7 0 6796
4 4 0 6797
1 5 0 6797
4 5 0 6798
4 12 0 6799
4 26 0 6800
4 18 0 6801
4 25 0 6801
0 23 0 6801
4 14 0 6802
4 11 0 6806
0 22 0 6806
4 4 0 6806
4 20 0 6807
1 17 0 6808
4 27 0 6808
4 24 0 6808
1 0 0 6809
1 17 0 6810
1 9 0 6810
4 21 0 6810
0 5 0 6811
4 11 0 6814
1 19 0 6814
4 4 0 6814
4 16 0 6815
1 16 0 6816
4 24 0 6816
4 22 0 6816
4 22 0 6817
4 5 0 6818
1 9 0 6818
4 9 0 6818
1 9 0 6819
4 22 0 6822
1 6 0 6822
4 5 0 6823
0 21 0 6823
1 1 0 6823
4 4 0 6824
4 27 0 6824
1 26 0 6825
4 5 0 6825
4 4 0 6825
0 5 0 6826
4 13 0 6826
4 4 0 6827
4 12 0 6829
0 5 0 6830
4 13 0 6830
4 7 0 6831
0 5 0 6831
0 19 0 6831
4 4 0 6831
4 19 0 6832
0 17 0 6833
4 15 0 6833
4 9 0 6834
4 5 0 6835
4 9 0 6838
4 4 0 6838
1 9 0 6839
4 5 0 6839
4 23 0 6839
4 4 0 6840
4 11 0 6840
4 20 0 6841
4 13 0 6841
2 25 0 6842
0 5 0 6842
1 10 0 6842
1 5 0 6846
4 21 0 6846
4 5 0 6847
1 27 0 6847
4 11 0 6847
4 15 0 6847
4 4 0 6848
4 18 0 6849
4 4 0 6849
4 4 0 6850
0 4 0 6851
4 22 0 6851
4 24 0 6851
0 5 0 6854
0 17 0 6854
4 5 0 6854
4 27 0 6855
0 17 0 6856
4 4 0 6856
4 26 0 6856
0 17 0 6857
4 20 0 6858
4 4 0 6858
4 5 0 6859
4 13 0 6860
0 4 0 6864
4 15 0 6864
1 15 0 6864
4 5 0 6864
4 14 0 6865
0 10 0 6866
4 5 0 6866
4 4 0 6867
4 5 0 6867
4 11 0 6868
0 27 0 6868
4 15 0 6869
4 9 0 6872
4 5 0 6873
4 4 0 6873
4 7 0 6873
4 12 0 6874
4 26 0 6874
0 10 0 6875
0 5 0 6875
0 18 0 6875
4 19 0 6877
4 21 0 6877
0 5 0 6882
4 20 0 6883
4 5 0 6883
4 13 0 6884
4 13 0 6885
0 7 0 6885
1 0 0 6886
0 14 0 6886
4 16 0 6886
4 20 0 6889
4 26 0 6889
4 4 0 6890
4 24 0 6891
4 5 0 6891
0 15 0 6891
4 22 0 6892
4 4 0 6892
0 18 0 6893
4 19 0 6893
1 21 0 6894
0 11 0 6894
4 15 0 6894
1 9 0 6895
4 8 0 6898
4 21 0 6899
4 23 0 6899
4 4 0 6900
4 25 0 6900
4 18 0 6901
1 16 0 6901
4 8 0 6902
0 5 0 6902
4 19 0 6905
4 17 0 6906
4 20 0 6907
0 24 0 6907
4 22 0 6907
4 17 0 6907
1 14 0 6908
4 24 0 6909
4 10 0 6909
4 22 0 6910
4 18 0 6913
4 24 0 6913
1 5 0 6914
0 4 0 6915
4 16 0 6915
1 2 0 6915
4 4 0 6915
4 13 0 6916
1 5 0 6916
4 20 0 6917
4 4 0 6917
4 24 0 6918
4 26 0 6918
4 15 0 6925
1 22 0 6925
4 4 0 6925
4 5 0 6927
4 5 0 6927
4 23 0 6927
4 4 0 6928
4 13 0 6928
4 4 0 6928
4 6 0 6929
0 29 0 6929
0 15 0 6930
4 20 0 6930
4 16 0 6933
0 13 0 6934
4 15 0 6934
4 18 0 6934
0 18 0 6935
1 0 0 6935
4 26 0 6935
0 6 0 6936
4 20 0 6937
4 4 0 6937
4 5 0 6938
4 5 0 6938
4 10 0 6941
4 4 0 6941
4 20 0 6942
1 8 0 6943
4 14 0 6943
4 11 0 6944
4 14 0 6945
4 23 0 6945
4 5 0 6945
1 5 0 6946
4 14 0 6946
1 9 0 6946
4 14 0 6949
0 23 0 6949
4 4 0 6950
4 13 0 6951
4 18 0 6951
4 24 0 6952
4 22 0 6953
1 5 0 6954
0 2 0 6954
0 11 0 6954
4 3 0 6957
4 4 0 6957
4 14 0 6959
4 24 0 6959
0 20 0 6959
4 24 0 6959
4 17 0 6960
4 9 0 6961
4 20 0 6961
1 29 0 6962
0 2 0 6962
0 5 0 6962
0 20 0 6962
4 17 0 6966
4 25 0 6967
1 4 0 6967
4 11 0 6967
4 16 0 6969
0 23 0 6969
4 4 0 6969
4 5 0 6970
4 22 0 6971
0 15 0 6971
4 21 0 6971
4 3 0 6972
4 4 0 6972
1 4 0 6975
4 21 0 6975
4 4 0 6984
4 4 0 6984
4 12 0 6985
4 26 0 6986
4 9 0 6990
4 4 0 6991
4 8 0 6992
4 5 0 6994
1 2 0 6999
4 10 0 6999
1 5 0 7000
1 19 0 7000
4 26 0 7000
1 22 0 7001
4 24 0 7001
4 17 0 7001
1 14 0 7002
4 22 0 7006
4 3 0 7006
1 16 0 7008
4 16 0 7008
4 8 0 7010
0 22 0 7010
4 4 0 7010
4 20 0 7011
4 28 0 7012
4 14 0 7012
4 4 0 7013
4 27 0 7014
0 5 0 7016
4 17 0 7016
4 18 0 7018
4 24 0 7018
4 4 0 7018
4 17 0 7019
4 27 0 7019
4 22 0 7020
4 4 0 7020
4 14 0 7020
4 8 0 7021
4 17 0 7022
0 17 0 7022
0 4 0 7024
0 15 0 7024
0 5 0 7025
4 11 0 7026
1 19 0 7026
4 4 0 7026
0 12 1 9794
12 18 1 9794
12 27 1 9795
12 8 1 9797
12 25 1 9798
1 19 1 9799
12 20 1 9799
1 16 1 9799
12 17 1 9799
12 26 1 9800
12 27 1 9801
12 23 0 9802
12 19 1 9803
12 23 1 9804
12 23 1 9804
12 1 0 9805
12 2 0 9806
12 22 1 9808
0 5 0 10423
12 17 1 10423
0 6 1 10424
0 7 1 10424
0 8 1 10424
12 23 1 10426
12 21 1 10426
2 0 1 10429
12 21 1 10430
0 5 1 10432
12 2 1 10432
12 28 1 10434
12 2 1 10435
12 20 1 10435
12 28 0 10436
12 20 1 10437
12 19 1 10439
12 27 1 10439
0 16 1 10440
0 17 1 10440
0 18 1 10440
12 20 1 10441
12 3 0 10442
12 1 1 10442
12 18 1 10444
0 10 0 10445
12 17 1 10445
0 9 1 10446
12 6 0 10446
12 25 1 10447
12 2 0 10447
12 24 1 10448
12 17 1 10448
0 1 0 10450
12 2 0 10450
1 18 1 10451
12 20 1 10451
12 19 1 10452
12 18 1 10453
12 12 0 10454
12 1 0 10455
1 6 0 10455
12 20 1 10455
1 10 1 10456
1 12 1 10456
12 10 0 10457
12 27 1 10458
12 14 1 10461
1 4 1 10461
12 7 1 10461
12 25 1 10462
12 20 1 10463
12 0 1 10463
1 14 1 10463
12 18 1 10464
12 25 1 10464
12 5 1 10466
0 4 1 10467
12 6 1 10467
12 23 1 10468
12 6 1 10469
12 5 0 10471
1 25 1 10471
1 26 1 10471
1 27 1 10472
12 17 1 10472
12 2 0 10473
12 11 1 10473
12 5 1 10474
12 17 1 10474
12 24 1 10477
1 15 1 10477
12 17 1 10477
12 10 1 10479
1 24 1 10480
12 1 0 10480
12 14 1 10481
12 14 1 19470
