0 16 0 240
1 1 0 240
1 3 0 241
1 4 0 241
1 7 0 241
1 8 0 241
1 11 0 244
2 2 0 244
0 5 0 248
0 12 0 248
1 17 0 248
2 2 0 248
0 16 0 252
0 26 0 252
1 10 0 252
1 28 0 252
2 0 0 252
0 15 0 255
0 24 0 256
1 26 0 256
0 24 0 259
1 5 0 259
2 2 0 259
1 17 0 263
0 16 0 267
1 19 0 267
0 6 0 270
0 24 0 271
1 15 0 271
2 0 0 271
0 15 0 274
0 27 0 274
1 12 0 274
0 23 0 278
1 6 0 278
1 9 0 278
2 3 0 278
0 24 0 282
0 29 0 282
1 24 0 282
0 15 0 285
1 22 0 286
2 2 0 286
0 14 0 289
0 25 0 289
1 7 0 289
2 2 0 290
1 9 0 293
1 13 0 293
0 9 0 297
0 20 0 297
1 17 0 297
0 6 0 300
1 13 0 301
0 1 0 304
0 16 0 304
1 13 0 304
2 0 0 305
1 2 0 308
1 17 0 308
1 28 0 308
1 20 0 312
0 15 0 316
1 11 0 316
1 24 0 316
0 11 0 319
1 3 0 319
2 1 0 320
0 22 0 323
1 14 0 323
0 13 0 327
1 13 0 327
0 14 0 331
0 2 0 334
0 18 0 334
0 0 0 338
0 22 0 338
1 6 0 338
2 2 0 338
0 23 0 342
1 18 0 342
1 25 0 342
0 14 0 346
1 26 0 346
0 6 0 349
1 16 0 350
0 14 0 353
0 29 0 353
1 22 0 353
0 6 0 357
0 26 0 357
0 3 0 361
0 11 0 361
0 22 0 361
1 18 0 361
1 5 0 364
1 23 0 365
0 9 0 368
0 19 0 368
1 11 0 368
2 3 0 369
1 10 0 372
2 1 0 372
0 15 0 376
1 11 0 376
0 4 0 379
0 24 0 380
1 25 0 380
0 21 0 383
1 23 0 383
0 5 0 387
0 15 0 387
2 2 0 387
0 8 0 391
0 25 0 391
1 15 0 391
0 18 0 394
0 29 0 395
1 10 0 395
1 17 0 395
2 3 0 395
1 10 0 398
0 16 0 402
1 12 0 402
0 10 0 406
0 25 0 406
1 12 0 406
2 1 0 406
0 21 0 410
1 23 0 410
0 22 0 413
1 16 0 413
0 1 0 417
1 5 0 417
1 18 0 417
2 0 0 418
1 4 0 421
1 20 0 421
0 2 0 425
0 11 0 425
0 17 0 425
1 16 0 425
1 28 0 425
0 15 0 428
1 29 0 429
0 14 0 432
1 16 0 432
1 18 0 436
0 18 0 440
0 28 0 440
1 25 0 440
0 20 0 443
1 24 0 444
2 1 0 444
0 11 0 447
0 23 0 447
0 10 0 451
0 18 0 451
1 23 0 451
0 11 0 455
1 20 0 455
0 24 0 458
0 17 0 462
0 25 0 462
0 29 0 466
1 20 0 466
0 14 0 470
0 26 0 470
2 0 0 470
1 4 0 474
1 24 0 474
0 14 0 477
0 20 0 477
1 7 0 478
2 1 0 478
1 15 0 481
1 27 0 481
0 14 0 485
1 23 0 485
0 21 0 489
1 21 0 489
0 20 0 492
0 28 0 492
1 10 0 493
1 28 0 493
0 28 0 496
1 19 0 496
0 8 0 500
0 15 0 500
0 27 0 500
1 12 0 500
0 1 0 504
0 25 0 504
1 22 0 504
1 28 0 504
1 13 0 507
1 22 0 508
0 22 0 511
0 29 0 511
1 11 0 511
1 27 0 512
0 5 0 515
1 13 0 515
2 2 0 515
1 2 0 519
1 24 0 519
0 12 0 522
0 25 0 522
2 2 0 523
0 20 0 526
1 17 0 526
0 4 0 530
4 3 0 530
4 1 0 530
0 1 1 530
0 2 1 530
0 6 1 530
4 16 0 530
12 10 0 530
4 2 0 531
4 3 0 531
1 6 0 531
4 18 0 531
1 12 1 532
4 1 0 532
1 13 1 532
4 26 0 553
0 20 1 574
4 1 0 574
1 15 1 574
0 19 0 574
4 2 0 575
4 13 0 575
0 22 0 575
12 26 0 575
4 15 0 575
12 29 0 575
2 0 1 575
2 1 1 575
2 2 1 575
2 3 1 575
12 20 0 597
12 28 0 597
0 14 1 597
0 19 1 597
1 11 1 597
1 15 1 598
1 23 1 598
1 26 1 598
1 27 1 598
1 28 1 598
1 29 1 598
2 2 1 598
2 3 1 598
1 2 0 598
1 25 0 598
0 15 0 600
1 6 0 600
0 15 0 604
1 20 0 604
0 17 0 608
1 8 0 608
2 2 0 608
0 15 0 615
1 26 0 615
0 14 0 619
1 17 0 619
0 5 0 623
0 21 0 623
1 14 0 623
2 0 0 623
0 12 0 626
0 28 0 627
1 27 0 627
0 10 0 630
1 10 0 630
1 18 0 631
0 27 0 634
2 3 0 634
0 11 0 638
0 15 0 638
1 22 0 638
0 5 0 642
0 23 0 642
1 23 0 642
0 11 0 645
1 19 0 645
2 2 0 646
0 16 0 649
0 25 0 653
1 23 0 653
0 21 0 657
1 19 0 657
2 2 0 657
1 8 0 660
0 5 0 664
0 24 0 664
1 5 0 664
0 9 0 668
0 18 0 668
1 13 0 668
1 2 0 672
2 3 0 672
0 9 0 675
0 24 0 676
2 0 0 676
0 17 0 679
0 22 0 679
1 26 0 679
0 19 0 683
1 29 0 683
0 7 0 687
1 18 0 687
1 12 0 691
0 16 0 694
1 16 0 694
0 11 0 698
0 14 0 698
1 12 0 698
1 21 0 698
0 8 0 702
0 27 0 702
2 3 0 702
0 24 0 705
1 11 0 706
1 19 0 706
0 5 0 709
1 6 0 709
1 21 0 710
1 17 0 713
0 11 0 717
0 16 0 717
1 26 0 717
1 9 0 721
1 26 0 721
0 12 0 724
0 25 0 724
1 12 0 725
0 5 0 728
0 22 0 728
1 9 0 728
0 1 0 732
1 16 0 732
0 1 0 736
0 15 0 736
0 29 0 736
0 5 0 739
0 3 0 743
1 6 0 743
0 4 0 747
0 11 0 747
0 26 0 747
1 25 0 747
0 18 0 751
0 29 0 751
1 12 0 751
0 11 0 754
0 28 0 754
1 16 0 755
0 22 0 758
1 26 0 758
0 6 0 762
1 3 0 762
0 6 0 766
0 13 0 766
0 27 0 766
1 3 0 766
0 12 0 769
0 2 0 773
0 13 0 773
0 18 0 777
1 14 0 777
0 17 0 781
0 25 0 781
0 15 0 784
1 4 0 785
1 20 0 785
0 11 0 788
0 7 0 792
0 10 0 792
0 18 0 792
1 8 0 792
0 5 0 796
0 25 0 796
0 2 0 799
0 25 0 800
1 15 0 800
0 8 0 803
0 29 0 803
1 21 0 807
0 1 0 811
0 11 0 811
0 24 0 811
1 22 0 811
0 22 0 815
1 16 0 815
0 6 0 818
1 7 0 818
0 17 0 822
1 15 0 822
0 12 0 826
1 20 0 826
0 19 0 830
1 26 0 830
0 11 0 833
1 21 0 833
0 3 0 837
0 29 0 837
1 21 0 837
0 4 0 841
0 27 0 841
1 26 0 841
0 14 0 845
0 23 0 845
2 2 0 845
0 13 0 848
0 25 0 849
1 12 0 849
1 22 0 852
0 1 0 856
0 6 0 856
1 14 0 856
1 23 0 856
0 7 0 860
0 26 0 860
1 18 0 860
1 26 0 860
4 1 0 863
4 4 0 863
1 25 1 886
12 7 0 886
4 10 0 886
2 2 1 886
4 18 0 886
4 15 0 908
0 2 1 908
0 3 1 908
0 4 1 908
0 5 1 908
1 8 0 908
4 1 0 909
4 26 0 909
0 12 1 909
0 11 0 909
4 3 0 909
12 1 0 909
4 1 0 909
12 13 0 910
4 12 0 910
1 15 1 910
1 18 1 910
12 1 0 910
1 24 1 910
1 26 1 910
1 28 1 910
1 24 0 910
0 6 0 913
0 12 0 913
0 17 0 913
1 14 0 914
0 10 0 917
0 22 0 917
0 1 0 921
0 19 0 921
1 18 0 921
1 6 0 925
0 10 0 928
0 23 0 928
0 24 0 932
1 1 0 932
1 19 0 932
0 13 0 936
2 3 0 936
0 7 0 940
0 12 0 940
1 17 0 940
0 15 0 943
1 5 0 943
2 0 0 944
1 17 0 947
0 10 0 951
1 16 0 951
0 13 0 954
0 24 0 955
1 22 0 955
0 26 0 958
1 14 0 958
1 21 0 959
0 15 0 962
1 5 0 962
1 22 0 962
2 2 0 963
1 6 0 966
1 25 0 966
0 21 0 970
1 18 0 970
1 18 0 973
0 13 0 977
1 26 0 977
0 12 0 981
2 0 0 981
0 22 0 985
1 10 0 985
1 25 0 985
0 18 0 988
1 3 0 989
1 26 0 989
0 10 0 992
1 12 0 992
0 5 0 996
0 18 0 996
0 24 0 996
1 26 0 996
0 9 0 1000
0 20 0 1000
1 11 0 1000
0 10 0 1003
0 28 0 1004
1 9 0 1004
1 26 0 1004
1 27 0 1007
1 7 0 1011
1 28 0 1011
0 20 0 1015
1 16 0 1015
1 23 0 1015
0 11 0 1018
0 22 0 1019
1 13 0 1019
0 9 0 1022
0 24 0 1022
1 23 0 1022
0 7 0 1026
1 2 0 1026
0 9 0 1030
0 18 0 1030
1 13 0 1030
1 23 0 1030
0 4 0 1033
0 22 0 1034
1 19 0 1034
0 6 0 1037
1 25 0 1037
1 19 0 1041
0 21 0 1045
1 27 0 1045
1 6 0 1049
0 5 0 1052
0 26 0 1052
1 4 0 1053
1 24 0 1053
0 24 0 1056
0 9 0 1060
1 6 0 1060
1 23 0 1060
1 25 0 1064
0 11 0 1067
1 21 0 1067
1 0 0 1071
1 15 0 1071
1 5 0 1075
0 17 0 1079
1 11 0 1079
1 24 0 1079
0 11 0 1082
0 29 0 1082
0 3 0 1086
0 27 0 1086
0 6 0 1090
0 18 0 1090
1 10 0 1090
1 29 0 1090
0 19 0 1094
0 27 0 1094
1 10 0 1094
1 17 0 1094
0 15 0 1097
1 29 0 1098
0 27 0 1101
1 26 0 1101
1 18 0 1105
1 29 0 1105
0 15 0 1109
1 15 0 1109
0 13 0 1113
1 16 0 1113
0 18 0 1116
1 7 0 1116
0 18 0 1120
1 19 0 1120
0 9 0 1124
0 26 0 1124
2 1 0 1124
0 19 0 1128
1 17 0 1128
0 1 0 1131
0 20 0 1131
1 10 0 1132
0 5 0 1135
0 27 0 1135
1 28 0 1135
0 10 0 1139
0 22 0 1139
0 1 0 1139
0 0 1 1139
12 1 0 1139
4 5 0 1140
1 5 1 1140
12 1 0 1140
12 13 0 1162
4 22 0 1162
1 21 1 1162
12 25 0 1162
4 4 0 1162
1 28 1 1162
1 26 1 1181
4 27 0 1181
1 27 1 1182
1 28 1 1182
1 11 1 1201
0 1 0 1201
4 6 0 1202
1 18 1 1202
4 1 0 1202
1 24 0 1202
4 11 0 1202
1 26 1 1202
12 1 0 1202
12 1 0 1224
12 2 0 1224
0 5 1 1225
0 6 1 1225
0 8 1 1225
12 11 0 1225
0 1 1 1271
4 3 0 1271
12 15 0 1271
4 14 0 1272
4 25 0 1272
4 9 0 1272
1 12 1 1272
4 9 0 1272
1 13 1 1273
1 14 1 1273
4 6 0 1273
12 19 0 1273
1 29 1 1274
0 1 0 1322
12 1 0 1322
0 14 0 1322
12 10 0 1323
4 8 0 1347
0 12 0 1347
1 3 1 1347
4 21 0 1347
1 4 1 1347
1 5 1 1347
12 1 0 1348
4 10 0 1348
12 21 0 1348
1 20 1 1348
1 27 1 1348
1 29 1 1349
2 2 1 1349
1 28 0 1349
0 6 0 1349
0 20 0 1349
0 25 0 1349
1 7 0 1349
1 28 0 1350
0 5 0 1353
0 9 0 1353
0 16 0 1353
0 23 0 1353
1 4 0 1353
1 11 0 1353
1 23 0 1354
0 8 0 1356
0 22 0 1357
1 16 0 1357
0 8 0 1360
0 14 0 1360
1 7 0 1361
1 25 0 1361
2 3 0 1361
0 11 0 1364
0 19 0 1364
1 5 0 1364
1 23 0 1365
0 14 0 1368
1 21 0 1368
1 28 0 1368
0 3 0 1371
0 18 0 1372
0 26 0 1372
1 19 0 1372
0 6 0 1375
0 11 0 1375
0 14 0 1376
1 12 0 1376
1 24 0 1376
0 3 0 1379
0 13 0 1379
0 22 0 1379
1 4 0 1379
1 15 0 1380
2 0 0 1380
0 20 0 1383
0 27 0 1383
1 13 0 1383
1 27 0 1383
0 2 0 1387
0 15 0 1387
0 23 0 1387
1 11 0 1387
2 1 0 1387
0 17 0 1390
0 24 0 1390
1 10 0 1391
1 26 0 1391
2 1 0 1391
0 8 0 1394
0 17 0 1394
0 24 0 1394
1 11 0 1395
0 0 0 1398
0 4 0 1398
0 8 0 1398
0 13 0 1398
0 19 0 1398
0 24 0 1398
1 6 0 1399
1 23 0 1399
0 1 0 1402
0 13 0 1402
0 17 0 1402
0 26 0 1402
1 12 0 1402
1 18 0 1402
0 11 0 1405
0 28 0 1405
1 7 0 1406
1 27 0 1406
0 19 0 1409
1 4 0 1409
0 4 0 1413
0 16 0 1413
0 28 0 1413
1 16 0 1413
1 28 0 1413
0 14 0 1417
1 7 0 1417
1 15 0 1417
1 27 0 1417
0 6 0 1420
0 11 0 1421
0 17 0 1421
0 21 0 1421
0 24 0 1421
1 8 0 1421
1 23 0 1421
2 2 0 1421
0 19 0 1424
0 23 0 1424
1 3 0 1425
1 13 0 1425
1 29 0 1425
0 12 0 1428
0 22 0 1428
1 3 0 1428
1 16 0 1428
0 4 0 1432
0 13 0 1432
0 23 0 1432
1 6 0 1432
1 19 0 1432
2 1 0 1432
0 8 0 1435
0 15 0 1436
0 22 0 1436
1 5 0 1436
1 15 0 1436
1 27 0 1436
0 7 0 1439
0 15 0 1439
1 3 0 1440
1 22 0 1440
2 1 0 1440
0 11 0 1443
0 19 0 1443
1 13 0 1443
1 28 0 1443
0 9 0 1447
0 15 0 1447
1 11 0 1447
1 29 0 1447
0 7 0 1450
1 3 0 1451
1 8 0 1451
1 28 0 1451
0 6 0 1454
0 18 0 1454
0 24 0 1454
1 3 0 1455
1 24 0 1455
0 1 0 1458
0 7 0 1458
0 12 0 1458
0 17 0 1458
0 21 0 1459
0 28 0 1459
1 16 0 1459
0 3 0 1462
0 12 0 1462
0 19 0 1462
0 29 0 1462
1 24 0 1462
2 1 0 1462
0 10 0 1466
0 18 0 1466
0 22 0 1466
0 28 0 1466
1 14 0 1466
1 28 0 1466
0 19 0 1469
0 28 0 1469
1 14 0 1470
4 19 0 1470
4 1 0 1470
4 1 0 1470
1 2 1 1471
4 7 0 1471
1 3 1 1471
12 1 0 1473
1 12 1 1497
4 1 0 1497
4 21 0 1498
4 15 0 1498
12 0 0 1498
4 9 0 1498
1 22 1 1498
12 28 0 1498
4 11 0 1499
1 29 1 1499
1 6 0 1499
1 28 0 1499
0 13 0 1499
0 21 0 1499
0 26 0 1499
1 6 0 1500
1 14 0 1500
0 10 0 1503
0 28 0 1503
1 13 0 1503
1 28 0 1503
0 3 0 1507
0 7 0 1507
0 17 0 1507
0 29 0 1507
1 8 0 1507
1 18 0 1507
0 5 0 1510
0 10 0 1510
0 22 0 1511
1 10 0 1511
1 16 0 1511
1 23 0 1511
0 2 0 1514
0 16 0 1514
0 23 0 1514
0 29 0 1514
1 5 0 1515
1 15 0 1515
1 22 0 1515
0 1 0 1518
0 14 0 1518
0 23 0 1518
1 1 0 1518
1 14 0 1518
0 1 0 1522
0 8 0 1522
0 18 0 1522
0 29 0 1522
1 12 0 1522
0 1 0 1525
0 10 0 1526
0 22 0 1526
1 5 0 1526
1 23 0 1526
0 20 0 1529
0 28 0 1529
1 5 0 1529
1 17 0 1530
1 22 0 1530
0 2 0 1533
0 14 0 1533
1 3 0 1533
1 9 0 1533
1 16 0 1534
1 29 0 1534
0 6 0 1537
0 25 0 1537
1 8 0 1537
1 19 0 1537
2 1 0 1537
0 12 0 1541
0 29 0 1541
1 18 0 1541
0 5 0 1544
0 14 0 1544
0 18 0 1544
1 10 0 1545
1 21 0 1545
0 0 0 1548
0 12 0 1548
0 20 0 1548
0 26 0 1548
1 14 0 1548
1 23 0 1549
2 3 0 1549
0 16 0 1552
0 29 0 1552
1 16 0 1552
0 10 0 1555
0 20 0 1556
1 5 0 1556
1 22 0 1556
0 0 0 1559
0 11 0 1559
0 16 0 1559
0 20 0 1560
1 8 0 1560
1 17 0 1560
1 29 0 1560
0 0 0 1563
0 7 0 1563
0 15 0 1563
0 19 0 1563
0 29 0 1563
1 12 0 1564
1 24 0 1564
0 4 0 1567
0 8 0 1567
0 25 0 1567
1 8 0 1567
1 23 0 1567
0 13 0 1571
0 28 0 1571
1 13 0 1571
1 25 0 1571
0 1 0 1574
0 8 0 1574
0 14 0 1575
1 11 0 1575
0 1 0 1578
0 15 0 1578
0 24 0 1578
1 13 0 1578
2 2 0 1579
0 16 0 1582
0 24 0 1582
1 5 0 1582
1 14 0 1582
1 24 0 1583
0 17 0 1586
0 24 0 1586
1 4 0 1586
1 10 0 1586
1 26 0 1586
0 4 0 1589
0 7 0 1589
0 17 0 1590
0 27 0 1590
1 20 0 1590
0 4 0 1593
0 17 0 1593
0 21 0 1593
0 29 0 1593
1 28 0 1594
0 9 0 1597
0 21 0 1597
0 26 0 1597
1 9 0 1597
1 27 0 1597
0 8 0 1601
0 11 0 1601
0 19 0 1601
1 6 0 1601
1 14 0 1601
1 24 0 1601
0 3 0 1604
0 25 0 1605
1 11 0 1605
1 23 0 1605
0 4 0 1608
0 12 0 1608
0 28 0 1608
1 19 0 1609
0 3 0 1612
0 8 0 1612
0 21 0 1612
1 12 0 1612
0 0 1 1612
12 1 0 1613
4 8 0 1613
12 15 0 1613
4 1 0 1613
4 1 0 1614
1 12 1 1614
4 17 0 1614
4 28 0 1614
12 21 0 1614
1 21 1 1614
12 29 0 1614
4 18 0 1615
1 28 1 1615
4 8 0 1615
4 1 0 1615
0 1 0 1632
4 8 0 1632
0 9 0 1632
12 16 0 1632
4 23 0 1632
1 15 1 1632
1 16 1 1632
1 17 1 1632
1 18 1 1632
12 27 0 1633
1 22 1 1633
1 1 0 1633
1 24 1 1633
1 25 1 1633
4 1 0 1633
12 12 0 1633
4 3 0 1633
1 24 0 1634
0 1 0 1634
0 6 0 1634
0 9 0 1634
0 14 0 1634
0 25 0 1634
1 5 0 1634
1 17 0 1635
2 2 0 1635
0 10 0 1638
0 13 0 1638
0 20 0 1638
0 28 0 1638
0 4 0 1641
0 11 0 1641
0 20 0 1642
0 28 0 1642
1 23 0 1642
0 13 0 1645
0 23 0 1645
1 5 0 1645
1 20 0 1646
0 1 0 1649
0 11 0 1649
0 18 0 1649
0 23 0 1649
1 7 0 1649
1 19 0 1649
1 29 0 1650
0 17 0 1653
0 22 0 1653
0 29 0 1653
1 15 0 1653
1 26 0 1653
0 8 0 1656
0 17 0 1656
0 27 0 1657
1 4 0 1657
0 2 0 1660
0 15 0 1660
0 29 0 1660
1 20 0 1660
0 0 0 1664
0 4 0 1664
0 11 0 1664
0 19 0 1664
0 28 0 1664
1 8 0 1665
1 20 0 1665
0 1 0 1668
0 10 0 1668
0 22 0 1668
1 5 0 1668
1 17 0 1668
1 28 0 1668
0 2 0 1671
0 11 0 1672
0 18 0 1672
0 25 0 1672
1 6 0 1672
1 25 0 1672
0 5 0 1675
0 9 0 1675
0 12 0 1675
0 19 0 1675
1 4 0 1676
1 20 0 1676
1 29 0 1676
0 5 0 1679
0 26 0 1679
1 11 0 1679
0 4 0 1683
0 10 0 1683
0 17 0 1683
0 22 0 1683
1 9 0 1683
1 24 0 1683
0 11 0 1686
0 23 0 1687
1 8 0 1687
2 2 0 1687
0 22 0 1690
0 29 0 1690
1 20 0 1691
0 1 0 1694
0 17 0 1694
1 12 0 1694
1 24 0 1694
0 13 0 1698
0 20 0 1698
1 5 0 1698
1 23 0 1698
0 5 0 1701
0 19 0 1702
0 24 0 1702
1 8 0 1702
1 19 0 1702
1 24 0 1702
0 7 0 1705
0 14 0 1705
1 4 0 1706
1 20 0 1706
1 24 0 1706
0 9 0 1709
0 15 0 1709
0 21 0 1709
0 24 0 1709
0 29 0 1710
1 8 0 1710
1 18 0 1710
2 3 0 1710
0 13 0 1713
0 18 0 1713
1 14 0 1713
1 28 0 1713
0 1 0 1717
0 15 0 1717
0 23 0 1717
1 1 0 1717
1 21 0 1717
0 1 0 1720
0 7 0 1720
0 19 0 1721
1 3 0 1721
1 13 0 1721
1 28 0 1721
0 4 0 1724
0 11 0 1724
0 20 0 1724
0 26 0 1724
1 8 0 1725
1 21 0 1725
0 4 0 1728
0 15 0 1728
0 23 0 1728
1 21 0 1728
0 4 0 1732
0 15 0 1732
1 8 0 1732
1 20 0 1732
0 6 0 1735
0 18 0 1735
1 4 0 1736
1 11 0 1736
1 18 0 1736
1 28 0 1736
0 4 0 1739
0 14 0 1739
0 19 0 1739
0 26 0 1739
1 8 0 1740
1 20 0 1740
1 26 0 1740
0 7 0 1743
0 14 0 1743
0 21 0 1743
0 26 0 1743
1 21 0 1743
0 5 0 1747
0 20 0 1747
1 14 0 1747
0 1 0 1750
0 17 0 1750
0 21 0 1751
0 29 0 1751
1 15 0 1751
0 3 0 1754
0 10 0 1754
0 16 0 1754
1 5 0 1754
1 17 0 1755
1 23 0 1755
0 12 0 1758
0 22 0 1758
1 5 0 1758
1 14 0 1758
1 21 0 1758
2 1 0 1759
0 12 0 1762
0 20 0 1762
0 27 0 1762
1 15 0 1762
0 0 0 1765
0 6 0 1765
0 13 0 1766
0 23 0 1766
0 29 0 1766
1 21 0 1766
2 1 0 1766
0 15 0 1769
0 20 0 1769
0 28 0 1769
1 10 0 1770
1 16 0 1770
2 2 0 1770
0 18 0 1773
0 26 0 1773
1 9 0 1773
1 23 0 1773
0 10 0 1777
0 21 0 1777
0 28 0 1777
4 1 0 1777
4 10 0 1777
0 7 1 1777
4 1 0 1778
12 1 0 1778
0 2 1 1801
0 3 1 1801
0 7 1 1801
0 10 1 1801
1 9 1 1802
1 10 1 1802
1 14 1 1802
1 19 1 1802
1 22 1 1802
1 24 1 1802
1 26 1 1802
2 3 1 1802
0 10 0 1802
0 25 0 1803
1 14 0 1803
2 2 0 1803
0 20 0 1803
1 5 0 1803
1 24 0 1803
0 9 0 1807
0 16 0 1807
1 15 0 1807
2 2 0 1807
0 4 0 1810
0 14 0 1811
0 20 0 1811
1 18 0 1811
0 10 0 1814
0 19 0 1814
1 14 0 1814
1 25 0 1815
0 8 0 1818
0 16 0 1818
1 4 0 1818
2 2 0 1818
0 15 0 1822
0 23 0 1822
1 5 0 1822
1 18 0 1822
0 17 0 1825
0 26 0 1826
1 15 0 1826
1 23 0 1826
0 2 0 1829
0 12 0 1829
0 24 0 1829
1 3 0 1830
1 16 0 1830
0 7 0 1833
0 15 0 1833
0 19 0 1833
0 24 0 1833
1 19 0 1834
0 5 0 1837
0 9 0 1837
0 16 0 1837
0 21 0 1837
0 26 0 1837
1 3 0 1837
1 14 0 1838
1 24 0 1838
2 3 0 1838
0 17 0 1841
0 28 0 1841
1 8 0 1841
1 27 0 1841
0 18 0 1844
0 23 0 1844
1 5 0 1845
1 16 0 1845
1 23 0 1845
0 3 0 1848
0 21 0 1848
1 3 0 1848
1 24 0 1848
0 7 0 1852
0 11 0 1852
0 20 0 1852
0 25 0 1852
1 6 0 1852
1 24 0 1853
0 11 0 1856
0 23 0 1856
1 5 0 1856
1 19 0 1856
0 1 0 1859
0 17 0 1859
0 24 0 1860
0 28 0 1860
1 12 0 1860
1 28 0 1860
0 3 0 1863
0 7 0 1863
0 13 0 1863
0 22 0 1863
1 7 0 1864
1 20 0 1864
0 14 0 1867
0 19 0 1867
1 15 0 1867
0 5 0 1871
0 20 0 1871
0 27 0 1871
1 9 0 1871
1 17 0 1871
0 8 0 1874
0 20 0 1874
1 1 0 1875
1 13 0 1875
1 24 0 1875
0 1 0 1878
0 11 0 1878
0 28 0 1878
1 5 0 1878
1 18 0 1879
0 0 0 1882
0 13 0 1882
0 17 0 1882
1 3 0 1882
1 19 0 1882
2 3 0 1883
0 13 0 1886
0 24 0 1886
1 5 0 1886
1 27 0 1886
0 6 0 1889
0 17 0 1889
0 27 0 1890
1 5 0 1890
1 17 0 1890
2 3 0 1890
0 6 0 1893
0 25 0 1893
1 2 0 1893
1 17 0 1894
0 7 0 1897
0 13 0 1897
0 21 0 1897
1 14 0 1897
1 29 0 1897
0 9 0 1901
0 15 0 1901
0 25 0 1901
0 29 0 1901
1 17 0 1901
0 5 0 1904
0 13 0 1905
0 25 0 1905
1 8 0 1905
1 28 0 1905
0 14 0 1908
0 18 0 1908
0 26 0 1908
1 9 0 1909
1 23 0 1909
0 13 0 1912
0 21 0 1912
0 27 0 1912
1 12 0 1912
1 24 0 1912
0 10 0 1916
0 14 0 1916
0 20 0 1916
1 1 0 1916
1 16 0 1916
0 4 0 1919
0 16 0 1920
0 20 0 1920
1 4 0 1920
1 17 0 1920
0 9 0 1923
0 20 0 1923
1 2 0 1923
1 13 0 1924
1 24 0 1924
0 6 0 1927
0 11 0 1927
0 19 0 1927
0 28 0 1927
1 17 0 1927
1 24 0 1928
0 5 0 1931
0 16 0 1931
0 26 0 1931
1 1 0 1931
1 16 0 1931
1 28 0 1931
0 6 0 1934
0 13 0 1935
0 21 0 1935
1 4 0 1935
1 21 0 1935
0 5 0 1938
0 11 0 1938
0 18 0 1938
1 7 0 1939
1 26 0 1939
0 11 0 1942
0 24 0 1942
1 4 0 1942
1 18 0 1942
0 8 0 1946
0 16 0 1946
0 28 0 1946
1 15 0 1946
0 1 1 1946
0 20 0 1946
0 1 0 1947
4 13 0 1947
12 0 0 1947
4 21 0 1947
1 4 1 1947
1 6 1 1948
1 7 1 1948
4 26 0 1948
1 11 1 1948
1 1 0 1948
1 13 1 1949
1 14 1 1950
1 15 1 1950
12 19 0 1950
4 14 0 1950
12 7 0 1950
1 28 1 1951
2 1 1 1951
4 11 0 1970
12 10 0 1970
4 11 0 1970
12 20 0 1970
1 2 1 1970
1 4 1 1970
1 8 1 1970
1 1 0 1971
1 10 1 1971
1 11 1 1971
1 12 1 1971
12 8 0 1971
12 13 0 1971
0 8 1 1992
4 11 0 1992
0 9 1 1993
0 15 0 1993
4 23 0 1993
0 10 1 1993
0 0 0 1993
0 18 1 1993
12 24 0 1993
0 20 1 2017
4 1 0 2017
0 27 1 2017
4 4 0 2018
0 28 1 2018
12 1 0 2018
4 23 0 2018
4 27 0 2018
2 3 1 2019
0 7 0 2039
0 3 1 2039
0 4 1 2039
0 5 1 2039
4 1 0 2039
4 12 0 2039
4 21 0 2040
4 1 0 2040
0 19 1 2040
0 9 0 2040
4 1 0 2041
4 1 0 2041
1 18 1 2041
4 15 0 2041
4 1 0 2041
12 28 0 2042
4 19 0 2042
1 5 0 2087
0 3 1 2087
4 20 0 2087
4 4 0 2087
4 20 0 2087
4 1 0 2088
4 11 0 2107
0 26 1 2108
4 10 0 2108
1 1 0 2108
1 6 1 2108
4 11 0 2109
0 20 0 2109
12 17 0 2109
1 22 1 2132
4 1 0 2133
1 23 1 2133
4 22 0 2133
1 24 1 2133
2 2 1 2133
4 8 0 2155
4 9 0 2155
4 10 0 2179
1 20 0 2180
1 5 1 2180
4 1 0 2180
4 1 0 2180
1 7 1 2180
12 12 0 2181
4 16 0 2181
1 15 1 2181
4 1 0 2181
4 21 0 2181
1 22 1 2184
2 0 1 2184
0 24 0 2184
1 1 0 2184
1 15 0 2184
1 24 0 2184
2 2 0 2184
0 9 0 2187
0 23 0 2188
0 28 0 2188
1 5 0 2188
1 16 0 2188
1 28 0 2188
0 10 0 2191
0 23 0 2191
1 6 0 2191
1 12 0 2192
1 19 0 2192
0 13 0 2195
0 21 0 2195
0 28 0 2195
1 13 0 2195
1 20 0 2196
2 0 0 2196
0 4 0 2199
0 13 0 2199
0 20 0 2199
0 25 0 2199
1 8 0 2199
0 7 0 2202
0 15 0 2203
0 19 0 2203
1 7 0 2203
1 27 0 2203
0 3 0 2206
0 6 0 2206
0 15 0 2206
0 22 0 2207
1 4 0 2207
1 22 0 2207
1 29 0 2207
0 0 0 2210
0 12 0 2210
0 28 0 2210
1 10 0 2210
0 18 0 2214
0 26 0 2214
1 11 0 2214
1 25 0 2214
0 15 0 2217
0 23 0 2218
1 11 0 2218
1 22 0 2218
0 2 0 2221
0 18 0 2221
1 3 0 2222
1 29 0 2222
0 18 0 2225
0 26 0 2225
1 2 0 2225
1 11 0 2226
1 18 0 2226
0 1 0 2229
0 14 0 2229
0 27 0 2229
1 12 0 2229
1 26 0 2229
0 2 0 2232
0 6 0 2233
0 20 0 2233
0 25 0 2233
1 4 0 2233
1 12 0 2233
1 28 0 2233
0 2 0 2236
0 10 0 2236
0 17 0 2237
0 26 0 2237
1 13 0 2237
1 28 0 2237
0 4 0 2240
0 8 0 2240
0 14 0 2240
0 20 0 2240
0 28 0 2241
1 12 0 2241
1 20 0 2241
0 7 0 2244
0 12 0 2244
0 22 0 2244
0 27 0 2244
1 12 0 2244
0 0 0 2248
0 18 0 2248
1 2 0 2248
1 11 0 2248
1 25 0 2248
0 10 0 2251
0 16 0 2252
1 5 0 2252
1 20 0 2252
2 2 0 2252
0 5 0 2255
0 13 0 2255
0 18 0 2255
0 25 0 2256
1 8 0 2256
1 26 0 2256
0 10 0 2259
0 18 0 2259
1 10 0 2259
1 27 0 2259
0 3 0 2263
0 11 0 2263
0 17 0 2263
0 27 0 2263
1 6 0 2263
1 19 0 2263
2 1 0 2264
0 20 0 2266
0 26 0 2267
1 6 0 2267
1 16 0 2267
2 2 0 2267
0 8 0 2270
0 13 0 2270
0 25 0 2270
0 29 0 2271
1 6 0 2271
1 19 0 2271
0 10 0 2274
0 14 0 2274
0 21 0 2274
0 26 0 2274
1 9 0 2275
1 29 0 2275
0 2 0 2278
0 7 0 2278
0 22 0 2278
0 25 0 2278
0 29 0 2278
1 5 0 2278
1 28 0 2279
0 12 0 2281
0 28 0 2282
1 19 0 2282
0 3 0 2285
0 11 0 2285
0 16 0 2285
0 28 0 2286
1 10 0 2286
2 1 0 2286
0 3 0 2289
0 7 0 2289
0 23 0 2289
1 6 0 2289
1 15 0 2290
1 25 0 2290
0 4 0 2293
0 12 0 2293
0 21 0 2293
0 28 0 2293
1 17 0 2293
2 2 0 2293
4 1 0 2297
0 0 1 2297
4 20 0 2297
12 11 0 2297
2 1 0 2298
1 11 1 2298
1 12 1 2298
4 11 0 2298
12 15 0 2298
0 10 1 2342
0 17 1 2342
1 21 1 2342
1 23 1 2342
1 28 1 2343
2 0 1 2343
2 1 1 2343
2 2 1 2343
1 1 1 2348
1 3 1 2348
1 7 1 2348
1 9 1 2348
1 10 1 2348
1 11 1 2348
1 26 1 2349
2 3 1 2349
0 2 1 2355
0 4 1 2355
0 9 1 2356
0 13 1 2356
1 12 1 2356
1 15 1 2356
1 17 1 2356
1 21 1 2356
1 22 1 2356
1 24 1 2356
1 25 1 2356
1 26 1 2356
1 28 1 2356
0 3 1 2363
0 7 1 2363
1 3 1 2363
1 14 1 2363
1 16 1 2363
1 24 1 2364
2 1 1 2364
0 0 1 2369
0 2 1 2370
0 3 1 2370
0 4 1 2370
0 20 1 2370
1 17 1 2370
2 0 1 2370
2 1 1 2371
2 2 1 2371
2 3 1 2371
0 2 1 2377
1 2 1 2378
1 17 1 2378
1 25 1 2378
1 21 1 2384
1 26 1 2384
1 28 1 2384
1 29 1 2384
2 0 1 2384
1 1 1 2391
1 3 1 2391
1 7 1 2391
1 9 1 2391
1 10 1 2391
1 11 1 2391
1 26 1 2391
0 23 1 2397
0 1 1 2404
0 10 1 2411
1 13 1 2412
1 15 1 2412
1 19 1 2412
1 21 1 2412
1 22 1 2412
1 23 1 2412
0 27 1 2418
1 11 1 2418
1 12 1 2418
1 13 1 2418
1 14 1 2418
1 18 1 2418
1 20 1 2418
1 21 1 2418
2 1 1 2418
0 1 1 2425
0 9 1 2425
0 13 1 2425
0 18 1 2425
1 12 1 2425
1 21 1 2426
1 23 1 2426
1 25 1 2426
1 26 1 2426
1 27 1 2426
1 28 1 2426
2 1 1 2426
2 2 1 2426
1 3 1 2433
1 7 1 2433
1 11 1 2433
1 14 1 2433
1 16 1 2433
2 0 1 2433
0 0 1 2434
0 25 1 2434
0 1 1 2439
1 13 1 2440
1 22 1 2440
1 29 1 2440
2 0 1 2454
0 3 1 2461
1 7 1 2461
1 9 1 2462
1 15 1 2462
1 16 1 2462
1 17 1 2462
1 5 1 2468
1 12 1 2468
1 15 1 2468
1 22 1 2469
1 23 1 2469
1 24 1 2469
1 26 1 2469
1 27 1 2469
1 28 1 2469
1 29 1 2469
2 2 1 2469
0 13 1 2474
1 10 1 2475
1 21 1 2489
1 22 1 2489
1 23 1 2489
1 24 1 2489
1 28 1 2489
2 0 1 2489
2 2 1 2489
0 7 1 2496
0 7 1 2503
0 11 1 2504
0 14 1 2504
0 17 1 2504
0 24 1 2504
0 25 1 2504
0 26 1 2504
0 28 1 2504
0 29 1 2504
1 0 1 2504
1 4 1 2504
1 8 1 2504
0 6 1 2511
0 10 1 2511
0 13 1 2511
0 20 1 2511
0 21 1 2511
0 22 1 2511
0 24 1 2511
0 25 1 2511
0 26 1 2511
0 27 1 2512
1 0 1 2512
1 1 1 2512
1 4 1 2512
1 2 1 2519
1 18 1 2519
0 6 1 2526
0 8 1 2526
0 14 1 2526
0 18 1 2526
1 16 1 2526
1 19 1 2526
1 21 1 2526
1 25 1 2526
1 27 1 2527
1 28 1 2527
1 29 1 2527
2 1 1 2527
0 1 1 2533
0 4 1 2533
0 7 1 2533
1 3 1 2534
1 13 1 2534
1 15 1 2534
1 18 1 2534
1 19 1 2534
1 20 1 2534
1 23 1 2534
1 24 1 2534
1 26 1 2534
1 27 1 2534
1 28 1 2534
2 0 1 2534
0 3 1 2541
0 6 1 2541
1 11 1 2542
1 18 1 2542
1 20 1 2542
0 10 1 2547
1 15 1 2548
1 27 1 2555
1 28 1 2555
0 1 1 2561
0 5 1 2561
1 5 1 2561
1 20 1 2562
1 28 1 2562
0 10 1 2569
0 15 1 2569
1 10 1 2569
1 18 1 2570
1 21 1 2570
1 23 1 2570
1 24 1 2570
1 27 1 2570
1 28 1 2570
2 0 1 2570
2 1 1 2570
2 2 1 2570
0 5 1 2577
0 28 1 2577
1 5 1 2577
1 9 1 2577
1 16 1 2577
1 17 1 2577
1 18 1 2577
1 20 1 2577
1 21 1 2577
1 22 1 2577
1 23 1 2577
1 27 1 2578
2 0 1 2578
1 20 1 2585
1 22 1 2585
1 29 1 2585
0 0 1 2592
0 3 1 2592
1 8 1 2592
1 15 1 2593
1 17 1 2593
1 26 1 2593
1 27 1 2593
1 28 1 2593
2 0 1 2593
2 1 1 2593
2 2 1 2593
0 5 1 2599
0 6 1 2614
1 19 1 2614
1 28 1 2615
12 0 0 2620
1 19 1 2621
1 20 1 2621
1 21 1 2621
1 23 1 2621
1 24 1 2621
1 25 1 2621
1 26 1 2621
1 29 1 2621
2 0 1 2621
2 3 1 2621
0 1 1 2628
0 3 1 2628
0 4 1 2628
0 5 1 2628
0 9 1 2628
0 12 1 2628
0 16 1 2628
1 17 1 2628
1 23 1 2629
1 26 1 2629
1 27 1 2629
0 3 1 2634
0 25 1 2635
1 2 1 2635
1 12 1 2635
1 13 1 2635
1 14 1 2635
1 16 1 2635
1 17 1 2635
1 18 1 2635
1 19 1 2635
1 22 1 2635
1 25 1 2635
1 27 1 2636
0 2 1 2666
0 3 1 2667
0 5 1 2667
0 13 1 2667
0 17 1 2667
0 22 1 2667
1 16 1 2667
1 25 1 2667
1 27 1 2667
1 29 1 2667
2 0 1 2667
2 1 1 2667
2 2 1 2668
0 0 1 2668
0 1 1 2668
0 3 1 2668
0 4 1 2668
0 5 1 2668
0 7 1 2668
0 15 1 2668
0 19 1 2668
1 14 1 2668
1 20 1 2668
1 28 1 2669
2 1 1 2669
2 2 1 2669
2 3 1 2669
0 2 1 2669
0 3 1 2669
0 5 1 2669
0 6 1 2669
0 7 1 2669
0 9 1 2669
0 18 1 2669
0 22 1 2669
1 18 1 2670
1 22 1 2670
2 0 1 2670
2 3 1 2670
0 0 1 2670
0 1 1 2670
0 4 1 2670
0 5 1 2670
0 7 1 2670
0 8 1 2670
0 9 1 2670
0 18 1 2670
0 22 1 2671
0 25 1 2671
1 21 1 2671
2 1 1 2671
2 3 1 2671
0 0 1 2671
0 1 1 2671
0 2 1 2671
0 3 1 2671
0 6 1 2671
0 7 1 2672
0 9 1 2672
0 10 1 2672
0 11 1 2672
0 20 1 2672
0 24 1 2672
1 19 1 2672
1 24 1 2672
2 3 1 2672
0 0 1 2672
0 2 1 2672
0 3 1 2673
0 4 1 2673
0 5 1 2673
0 8 1 2673
0 9 1 2673
0 11 1 2673
0 12 1 2673
0 15 1 2673
0 24 1 2673
1 18 1 2673
1 25 1 2673
1 28 1 2674
0 0 1 2674
0 1 1 2674
0 2 1 2674
0 4 1 2674
0 5 1 2674
0 6 1 2674
0 7 1 2674
0 10 1 2674
0 11 1 2674
0 13 1 2674
0 15 1 2674
0 24 1 2674
0 28 1 2675
1 23 1 2675
1 27 1 2675
2 0 1 2675
0 2 1 2675
0 3 1 2675
0 4 1 2675
0 6 1 2675
0 7 1 2675
0 8 1 2675
0 9 1 2675
0 12 1 2675
0 13 1 2675
0 16 1 2676
0 19 1 2676
0 28 1 2676
1 22 1 2676
1 28 1 2676
2 0 1 2676
0 4 1 2676
0 5 1 2676
0 6 1 2676
0 8 1 2676
0 9 1 2677
0 10 1 2677
0 11 1 2677
0 14 1 2677
0 15 1 2677
0 18 1 2677
0 21 1 2677
1 21 1 2677
1 27 1 2677
2 1 1 2677
0 6 1 2678
0 7 1 2678
0 8 1 2678
0 10 1 2678
0 11 1 2678
0 12 1 2678
0 13 1 2678
0 16 1 2678
0 19 1 2678
0 21 1 2678
1 1 1 2678
1 25 1 2678
2 0 1 2679
2 3 1 2679
0 8 1 2679
0 9 1 2679
0 10 1 2679
0 12 1 2679
0 13 1 2679
0 14 1 2679
0 15 1 2679
0 19 1 2679
0 22 1 2679
1 2 1 2680
1 26 1 2680
2 2 1 2680
0 1 1 2680
0 10 1 2680
0 11 1 2680
0 12 1 2680
0 14 1 2680
0 15 1 2680
0 16 1 2680
0 17 1 2680
0 21 1 2681
0 24 1 2681
1 23 1 2681
1 28 1 2681
2 3 1 2681
0 2 1 2681
0 5 1 2681
0 12 1 2681
0 13 1 2681
0 14 1 2681
0 16 1 2682
0 17 1 2682
0 18 1 2682
0 19 1 2682
0 23 1 2682
0 26 1 2682
1 25 1 2682
2 0 1 2682
0 0 1 2682
0 3 1 2682
0 5 1 2683
0 7 1 2683
0 14 1 2683
0 15 1 2683
0 16 1 2683
0 18 1 2683
0 19 1 2683
0 20 1 2683
0 24 1 2683
0 27 1 2683
1 1 1 2683
2 1 1 2683
0 2 1 2684
0 5 1 2684
0 7 1 2684
0 9 1 2684
0 16 1 2684
0 17 1 2684
0 18 1 2684
0 20 1 2684
0 21 1 2684
0 23 1 2684
0 27 1 2684
1 1 1 2684
2 1 1 2685
0 1 1 2685
0 5 1 2685
0 8 1 2685
0 9 1 2685
0 11 1 2685
0 18 1 2685
0 19 1 2685
0 20 1 2685
0 22 1 2685
0 24 1 2685
0 28 1 2686
1 2 1 2686
2 2 1 2686
0 1 1 2686
0 3 1 2686
0 7 1 2686
0 9 1 2686
0 10 1 2686
0 11 1 2686
0 13 1 2686
0 20 1 2686
0 21 1 2687
0 22 1 2687
0 25 1 2687
0 27 1 2687
1 3 1 2687
0 0 0 2687
0 3 1 2687
0 5 1 2687
0 9 1 2687
0 11 1 2688
0 12 1 2688
0 13 1 2688
0 15 1 2688
0 22 1 2688
0 23 1 2688
0 24 1 2688
0 27 1 2688
0 29 1 2688
1 5 1 2688
0 0 1 2688
0 4 1 2688
0 6 1 2689
0 10 1 2689
0 11 1 2689
0 13 1 2689
0 14 1 2689
0 15 1 2689
0 17 1 2689
0 24 1 2689
0 25 1 2689
0 28 1 2689
1 0 1 2689
1 5 1 2689
0 2 1 2690
0 6 1 2690
0 8 1 2690
0 12 1 2690
0 13 1 2690
0 15 1 2690
0 16 1 2690
0 17 1 2690
0 19 1 2690
0 26 1 2690
0 28 1 2690
1 1 1 2691
1 6 1 2691
1 11 1 2691
0 5 1 2691
0 8 1 2691
0 10 1 2691
0 14 1 2691
0 15 1 2691
0 17 1 2691
0 18 1 2691
0 19 1 2691
0 21 1 2692
0 29 1 2692
1 2 1 2692
1 5 1 2692
1 12 1 2692
0 7 1 2692
0 10 1 2692
0 12 1 2692
0 16 1 2692
0 17 1 2693
0 19 1 2693
0 20 1 2693
0 21 1 2693
0 23 1 2693
1 1 1 2693
1 5 1 2693
1 11 1 2693
0 8 1 2693
0 10 1 2693
0 13 1 2694
0 15 1 2694
0 18 1 2694
0 19 1 2694
0 21 1 2694
0 22 1 2694
0 23 1 2694
0 25 1 2694
1 3 1 2694
1 7 1 2694
1 13 1 2694
0 11 1 2695
0 13 1 2695
0 16 1 2695
0 17 1 2695
0 18 1 2695
0 21 1 2695
0 22 1 2695
0 24 1 2695
0 25 1 2695
0 26 1 2695
0 28 1 2695
1 6 1 2695
1 11 1 2696
0 4 1 2696
0 14 1 2696
0 16 1 2696
0 18 1 2696
0 19 1 2696
0 20 1 2696
0 21 1 2696
0 24 1 2696
0 25 1 2696
0 27 1 2696
0 28 1 2696
0 29 1 2697
1 1 1 2697
1 10 1 2697
0 3 1 2697
0 7 1 2697
0 17 1 2697
0 18 1 2697
0 19 1 2697
0 21 1 2697
0 22 1 2697
0 23 1 2697
0 24 1 2698
0 27 1 2698
0 28 1 2698
1 0 1 2698
1 2 1 2698
1 12 1 2698
1 17 1 2698
0 10 1 2698
0 20 1 2698
0 21 1 2699
0 22 1 2699
0 24 1 2699
0 25 1 2699
0 26 1 2699
0 27 1 2699
1 0 1 2699
1 1 1 2699
1 4 1 2699
1 7 1 2699
1 18 1 2699
0 10 1 2700
0 14 1 2700
0 23 1 2700
0 24 1 2700
0 25 1 2700
0 27 1 2700
0 28 1 2700
0 29 1 2700
1 0 1 2700
1 3 1 2700
1 6 1 2700
1 8 1 2700
1 19 1 2701
0 9 1 2701
0 15 1 2701
0 17 1 2701
0 26 1 2701
0 27 1 2701
0 28 1 2701
1 0 1 2701
1 1 1 2701
1 2 1 2701
1 6 1 2701
1 9 1 2702
1 13 1 2702
0 10 1 2702
0 15 1 2702
0 18 1 2702
0 20 1 2702
0 22 1 2702
0 29 1 2702
1 0 1 2702
1 1 1 2702
1 3 1 2702
1 4 1 2703
1 6 1 2703
1 10 1 2703
1 14 1 2703
0 10 1 2703
0 14 1 2703
0 18 1 2703
0 21 1 2703
0 23 1 2703
0 25 1 2703
1 2 1 2704
1 3 1 2704
1 4 1 2704
1 7 1 2704
1 9 1 2704
1 15 1 2704
0 11 1 2704
0 15 1 2704
0 18 1 2704
0 22 1 2705
0 24 1 2705
0 25 1 2705
0 26 1 2705
0 28 1 2705
1 5 1 2705
1 6 1 2705
1 9 1 2705
1 11 1 2705
1 16 1 2705
1 22 1 2705
0 16 1 2706
0 19 1 2706
0 21 1 2706
0 25 1 2706
0 27 1 2706
0 28 1 2706
0 29 1 2706
1 1 1 2706
1 9 1 2706
1 12 1 2706
1 14 1 2706
1 19 1 2706
0 0 0 2707
0 19 1 2707
0 22 1 2707
0 24 1 2707
0 27 1 2707
0 28 1 2707
1 0 1 2707
1 1 1 2707
1 2 1 2707
1 4 1 2707
1 12 1 2707
1 15 1 2708
1 18 1 2708
1 25 1 2708
0 21 1 2708
0 24 1 2708
0 26 1 2708
0 27 1 2708
1 0 1 2708
1 1 1 2708
1 3 1 2708
1 4 1 2708
1 5 1 2709
1 7 1 2709
1 15 1 2709
1 19 1 2709
1 25 1 2709
0 23 1 2709
0 25 1 2709
0 28 1 2709
0 29 1 2709
1 0 1 2709
1 3 1 2710
1 4 1 2710
1 6 1 2710
1 7 1 2710
1 8 1 2710
1 10 1 2710
1 19 1 2710
1 24 1 2710
0 17 1 2710
0 26 1 2710
0 28 1 2711
1 0 1 2711
1 2 1 2711
1 3 1 2711
1 6 1 2711
1 7 1 2711
1 9 1 2711
1 10 1 2711
1 11 1 2711
1 20 1 2711
1 25 1 2711
0 16 1 2711
0 20 1 2712
0 29 1 2712
1 0 1 2712
1 1 1 2712
1 3 1 2712
1 4 1 2712
1 5 1 2712
1 6 1 2712
1 9 1 2712
1 10 1 2712
1 13 1 2712
1 16 1 2712
1 25 1 2713
0 0 0 2713
0 21 1 2713
0 25 1 2713
1 2 1 2713
1 4 1 2713
1 6 1 2713
1 7 1 2713
1 8 1 2713
1 9 1 2713
1 12 1 2713
1 15 1 2714
1 17 1 2714
1 27 1 2714
0 18 1 2714
0 24 1 2714
0 26 1 2714
1 5 1 2714
1 6 1 2714
1 7 1 2714
1 9 1 2714
1 10 1 2715
1 11 1 2715
1 12 1 2715
1 16 1 2715
1 19 1 2715
1 22 1 2715
0 18 1 2715
0 21 1 2715
0 27 1 2715
0 29 1 2715
1 8 1 2716
1 9 1 2716
1 10 1 2716
1 12 1 2716
1 13 1 2716
1 14 1 2716
1 15 1 2716
1 19 1 2716
1 22 1 2716
0 0 0 2716
0 22 1 2716
0 27 1 2717
1 0 1 2717
1 2 1 2717
1 11 1 2717
1 12 1 2717
1 13 1 2717
1 15 1 2717
1 16 1 2717
1 18 1 2717
1 22 1 2717
1 26 1 2717
0 21 1 2718
0 25 1 2718
1 0 1 2718
1 3 1 2718
1 6 1 2718
1 13 1 2718
1 14 1 2718
1 15 1 2718
1 17 1 2718
1 19 1 2718
1 23 1 2718
1 27 1 2719
0 21 1 2719
0 25 1 2719
0 28 1 2719
1 2 1 2719
1 5 1 2719
1 8 1 2719
1 15 1 2719
1 16 1 2719
1 17 1 2719
1 20 1 2720
1 22 1 2720
1 28 1 2720
2 2 1 2720
0 27 1 2720
1 0 1 2720
1 4 1 2720
1 7 1 2720
1 10 1 2720
1 17 1 2721
1 18 1 2721
1 19 1 2721
1 22 1 2721
1 24 1 2721
2 0 1 2721
0 26 1 2721
1 0 1 2721
1 5 1 2721
1 8 1 2722
1 10 1 2722
1 12 1 2722
1 19 1 2722
1 20 1 2722
1 23 1 2722
1 25 1 2722
2 0 1 2722
0 27 1 2722
1 1 1 2722
1 4 1 2723
1 8 1 2723
1 11 1 2723
1 12 1 2723
1 14 1 2723
1 21 1 2723
1 23 1 2723
1 26 1 2723
1 28 1 2723
0 0 0 2723
0 3 1 2724
1 1 1 2724
1 5 1 2724
1 9 1 2724
1 12 1 2724
1 13 1 2724
1 14 1 2724
1 16 1 2724
1 24 1 2724
1 27 1 2724
1 29 1 2724
0 0 0 2725
0 3 1 2725
1 3 1 2725
1 7 1 2725
1 11 1 2725
1 14 1 2725
1 15 1 2725
1 16 1 2725
1 18 1 2725
1 26 1 2725
1 29 1 2726
2 1 1 2726
0 1 1 2726
0 5 1 2726
1 5 1 2726
1 9 1 2726
1 13 1 2726
1 16 1 2726
1 17 1 2726
1 18 1 2727
1 20 1 2727
1 28 1 2727
2 1 1 2727
0 0 0 2727
0 5 1 2727
0 28 1 2727
1 7 1 2727
1 10 1 2727
1 12 1 2727
1 16 1 2728
1 18 1 2728
1 19 1 2728
1 20 1 2728
1 22 1 2728
2 0 1 2728
0 0 0 2728
0 1 1 2728
0 7 1 2728
1 7 1 2728
1 11 1 2729
1 13 1 2729
1 17 1 2729
1 18 1 2729
1 20 1 2729
1 21 1 2729
1 22 1 2729
1 24 1 2729
2 2 1 2729
0 0 1 2729
0 2 1 2729
0 7 1 2729
1 2 1 2730
1 11 1 2730
1 14 1 2730
1 16 1 2730
1 19 1 2730
1 20 1 2730
1 22 1 2730
1 23 1 2730
1 24 1 2730
1 26 1 2730
0 0 1 2730
0 3 1 2731
0 8 1 2731
1 2 1 2731
1 12 1 2731
1 15 1 2731
1 17 1 2731
1 18 1 2731
1 21 1 2731
1 22 1 2731
1 24 1 2731
1 25 1 2731
1 26 1 2732
1 28 1 2732
0 1 1 2732
0 4 1 2732
0 7 1 2732
1 3 1 2732
1 13 1 2732
1 15 1 2732
1 18 1 2732
1 19 1 2732
1 20 1 2733
1 23 1 2733
1 24 1 2733
1 26 1 2733
1 27 1 2733
1 28 1 2733
2 0 1 2733
0 3 1 2733
0 7 1 2733
0 12 1 2733
1 6 1 2733
1 16 1 2734
1 19 1 2734
1 20 1 2734
1 21 1 2734
1 22 1 2734
1 25 1 2734
1 26 1 2734
1 28 1 2734
1 29 1 2734
2 0 1 2734
0 4 1 2734
0 6 1 2734
0 10 1 2734
1 6 1 2735
1 17 1 2735
1 19 1 2735
1 21 1 2735
1 22 1 2735
1 23 1 2735
1 24 1 2735
1 27 1 2735
1 28 1 2735
2 0 1 2735
2 1 1 2735
2 2 1 2735
0 8 1 2736
0 12 1 2736
1 8 1 2736
1 19 1 2736
1 21 1 2736
1 23 1 2736
1 24 1 2736
1 25 1 2736
1 26 1 2736
1 29 1 2736
2 0 1 2737
2 3 1 2737
0 8 1 2737
0 12 1 2737
0 15 1 2737
1 11 1 2737
1 21 1 2737
1 23 1 2737
1 25 1 2737
1 26 1 2738
1 27 1 2738
1 28 1 2738
2 1 1 2738
2 2 1 2738
0 0 1 2738
0 1 1 2738
0 10 1 2738
0 14 1 2738
0 17 1 2738
1 13 1 2738
1 23 1 2739
1 24 1 2739
1 25 1 2739
1 27 1 2739
1 28 1 2739
1 29 1 2739
2 0 1 2739
2 3 1 2739
0 1 1 2739
0 2 1 2739
0 3 1 2739
0 12 1 2739
0 16 1 2739
1 11 1 2740
1 16 1 2740
1 25 1 2740
1 26 1 2740
1 27 1 2740
1 29 1 2740
2 0 1 2740
2 1 1 2740
2 2 1 2740
0 0 1 2740
0 1 1 2740
0 3 1 2740
0 4 1 2741
0 7 1 2741
0 16 1 2741
1 10 1 2741
1 17 1 2741
1 20 1 2741
1 27 1 2741
1 28 1 2741
1 29 1 2741
2 1 1 2741
2 2 1 2741
2 3 1 2742
0 2 1 2742
0 3 1 2742
0 5 1 2742
0 7 1 2742
0 16 1 2742
0 20 1 2742
1 15 1 2742
1 19 1 2742
1 22 1 2742
1 29 1 2743
2 0 1 2743
2 1 1 2743
2 3 1 2743
0 0 1 2743
0 1 1 2743
0 4 1 2743
0 5 1 2743
0 8 1 2743
0 11 1 2743
0 20 1 2743
1 14 1 2743
1 20 1 2744
1 22 1 2744
2 1 1 2744
2 2 1 2744
2 3 1 2744
12 13 1 3234
12 26 0 3234
12 1 1 3235
12 3 0 3235
12 10 1 3236
12 28 1 3237
12 6 1 3237
1 4 1 3237
12 22 1 3238
12 16 1 3238
4 1 0 3239
4 1 0 1025
4 1 0 1025
4 1 0 1025
4 1 0 1025
4 1 0 1025
4 1 0 1025
4 1 0 1025
4 1 0 1025
4 1 0 1025
4 1 0 1025
4 1 0 1025
4 1 0 1025
4 1 0 1025
4 1 0 1025
4 1 0 1025
4 1 0 1025
4 1 0 1025
4 1 0 1025
4 1 0 1025
4 1 0 1025
4 1 0 1025
4 1 0 1025
4 1 0 1025
4 1 0 1025
4 1 0 1025
4 1 0 1025
4 1 0 1025
4 1 0 1025
4 1 0 1025
4 1 0 1025
4 1 0 1025
4 1 0 1025
4 1 0 1025
4 1 0 1025
4 1 0 1025
4 1 0 1025
4 1 0 1025
4 1 0 1025
4 1 0 1025
4 1 0 1025
4 1 0 1025
4 1 0 1025
4 1 0 1025
4 1 0 1025
4 1 0 1025
4 1 0 1025
4 1 0 1025
4 1 0 1025
4 1 0 1025
4 1 0 1025
4 1 0 1025
4 1 0 1025
4 1 0 1025
4 1 0 1025
4 1 0 1025
4 1 0 1025
4 1 0 1025
4 1 0 1025
4 1 0 1025
4 1 0 1025
4 1 0 1025
4 1 0 1025
4 1 0 1025
4 1 0 1025
4 1 0 1025
4 1 0 1025
4 1 0 1025
4 1 0 1025
4 1 0 1025
4 1 0 1025
4 1 0 1025
4 1 0 1025
4 1 0 1025
4 1 0 1025
4 1 0 1025
4 1 0 1025
4 1 0 1025
4 1 0 1025
4 1 0 1025
4 1 0 1025
4 1 0 1025
4 1 0 1025
4 1 0 1025
4 1 0 1025
4 1 0 1025
4 1 0 1025
4 1 0 1025
4 1 0 1025
4 1 0 1025
4 1 0 1025
4 1 0 1025
4 1 0 1025
4 1 0 1025
4 1 0 1025
4 1 0 1025
4 1 0 1025
4 1 0 1025
4 1 0 1025
4 1 0 1025
4 1 0 1025
4 1 0 1025
4 1 0 1025
4 1 0 1025
4 1 0 1025
4 1 0 1025
4 1 0 1025
4 1 0 1025
4 1 0 1025
4 1 0 1025
4 1 0 1025
4 1 0 1025
4 1 0 1025
4 1 0 1025
4 1 0 1025
4 1 0 1025
4 1 0 1025
4 1 0 1025
4 1 0 1025
4 1 0 1025
4 1 0 1025
4 1 0 1025
4 1 0 1025
4 1 0 1025
4 1 0 1025
4 1 0 1025
4 1 0 1025
4 1 0 1025
4 1 0 1025
4 1 0 1025
4 1 0 1025
4 1 0 1025
4 1 0 1025
4 1 0 1025
4 1 0 1025
4 1 0 1025
4 1 0 1025
4 1 0 1025
4 1 0 1025
4 1 0 1025
4 1 0 1025
4 1 0 1025
4 1 0 1025
4 1 0 1025
4 1 0 1025
4 1 0 1025
4 1 0 1025
4 1 0 1025
4 1 0 1025
4 1 0 1025
4 1 0 1025
4 1 0 1025
4 1 0 1025
4 1 0 1025
4 1 0 1025
4 1 0 1025
4 1 0 1025
4 1 0 1025
4 1 0 1025
4 1 0 1025
4 1 0 1025
4 1 0 1025
4 1 0 1025
4 1 0 1025
4 1 0 1025
4 1 0 1025
4 1 0 1025
4 1 0 1025
4 1 0 1025
4 1 0 1025
4 1 0 1025
4 1 0 1025
4 1 0 1025
4 1 0 1025
4 1 0 1025
4 1 0 1025
4 1 0 1025
4 1 0 1025
4 1 0 1025
4 1 0 1025
4 1 0 1025
4 1 0 1025
4 1 0 1025
4 1 0 1025
4 1 0 1025
4 1 0 1025
4 1 0 1025
4 1 0 1025
4 1 0 1025
4 1 0 1025
4 1 0 1025
4 1 0 1025
4 1 0 1025
4 1 0 1025
4 1 0 1025
4 1 0 1025
4 1 0 1025
4 1 0 1025
4 1 0 1025
4 1 0 1025
4 1 0 1025
4 1 0 1025
4 1 0 1025
4 1 0 1025
4 1 0 1025
4 1 0 1025
4 1 0 1025
4 1 0 1025
4 1 0 1025
4 1 0 1025
4 1 0 1025
4 1 0 1025
4 1 0 1025
4 1 0 1025
4 1 0 1025
4 1 0 1025
4 1 0 1025
4 1 0 1025
4 1 0 1025
4 1 0 1025
4 1 0 1025
4 1 0 1025
4 1 0 1025
4 1 0 1025
4 1 0 1025
4 1 0 1025
4 1 0 1025
4 1 0 1025
4 1 0 1025
4 1 0 1025
4 1 0 1025
4 1 0 1025
4 1 0 1025
4 1 0 1025
4 1 0 1025
4 1 0 1025
4 1 0 1025
4 1 0 1025
4 1 0 1025
4 1 0 1025
4 1 0 1025
4 1 0 1025
4 1 0 1025
4 1 0 1025
4 1 0 1025
4 1 0 1025
4 1 0 1025
4 1 0 1025
4 1 0 1025
4 1 0 1025
4 1 0 1025
4 1 0 1025
4 1 0 1025
4 1 0 1025
4 1 0 1025
4 1 0 1025
4 1 0 1025
4 1 0 1025
4 1 0 1025
4 1 0 1025
4 1 0 1025
4 1 0 1025
4 1 0 1025
4 1 0 1025
4 1 0 1025
4 1 0 1025
4 1 0 1025
4 1 0 1025
4 1 0 1025
4 1 0 1025
4 1 0 1025
4 1 0 1025
4 1 0 1025
4 1 0 1025
4 1 0 1025
4 1 0 1025
4 1 0 1025
4 1 0 1025
4 1 0 1025
4 1 0 1025
4 1 0 1025
4 1 0 1025
4 1 0 1025
4 1 0 1025
4 1 0 1025
4 1 0 1025
4 1 0 1025
4 1 0 1025
4 1 0 1025
4 1 0 1025
4 1 0 1025
4 1 0 1025
4 1 0 1025
4 1 0 1025
4 1 0 1025
4 1 0 1025
4 1 0 1025
4 1 0 1025
4 1 0 1025
4 1 0 1025
4 1 0 1025
4 1 0 1025
4 1 0 1025
4 1 0 1025
4 1 0 1025
4 1 0 1025
4 1 0 1025
4 1 0 1025
4 1 0 1025
4 1 0 1025
4 1 0 1025
4 1 0 1025
4 1 0 1025
4 1 0 1025
4 1 0 1025
4 1 0 1025
4 1 0 1025
4 1 0 1025
4 1 0 1025
4 1 0 1025
4 1 0 1025
4 1 0 1025
4 1 0 1025
4 1 0 1025
4 1 0 1025
4 1 0 1025
4 1 0 1025
4 1 0 1025
4 1 0 1025
4 1 0 1025
4 1 0 1025
4 1 0 1025
4 1 0 1025
4 1 0 1025
4 1 0 1025
4 1 0 1025
4 1 0 1025
4 1 0 1025
4 1 0 1025
4 1 0 1025
4 1 0 1025
4 1 0 1025
4 1 0 1025
4 1 0 1025
4 1 0 1025
4 1 0 1025
4 1 0 1025
4 1 0 1025
4 1 0 1025
4 1 0 1025
4 1 0 1025
4 1 0 1025
4 1 0 1025
4 1 0 1025
4 1 0 1025
4 1 0 1025
4 1 0 1025
4 1 0 1025
4 1 0 1025
4 1 0 1025
4 1 0 1025
4 1 0 1025
4 1 0 1025
4 1 0 1025
4 1 0 1025
4 1 0 1025
4 1 0 1025
4 1 0 1025
4 1 0 1025
4 1 0 1025
4 1 0 1025
4 1 0 1025
4 1 0 1025
4 1 0 1025
4 1 0 1025
4 1 0 1025
4 1 0 1025
4 1 0 1025
4 1 0 1025
4 1 0 1025
4 1 0 1025
4 1 0 1025
4 1 0 1025
4 1 0 1025
4 1 0 1025
4 1 0 1025
4 1 0 1025
4 1 0 1025
4 1 0 1025
4 1 0 1025
4 1 0 1025
4 1 0 1025
4 1 0 1025
4 1 0 1025
4 1 0 1025
4 1 0 1025
4 1 0 1025
4 1 0 1025
4 1 0 1025
4 1 0 1025
4 1 0 1025
4 1 0 1025
4 1 0 1025
4 1 0 1025
4 1 0 1025
4 1 0 1025
4 1 0 1025
4 1 0 1025
4 1 0 1025
4 1 0 1025
4 1 0 1025
4 1 0 1025
4 1 0 1025
4 1 0 1025
4 1 0 1025
4 1 0 1025
4 1 0 1025
4 1 0 1025
4 1 0 1025
4 1 0 1025
4 1 0 1025
4 1 0 1025
4 1 0 1025
4 1 0 1025
4 1 0 1025
4 1 0 1025
4 1 0 1025
4 1 0 1025
4 1 0 1025
4 1 0 1025
4 1 0 1025
4 1 0 1025
4 1 0 1025
4 1 0 1025
4 1 0 1025
4 1 0 1025
4 1 0 1025
4 1 0 1025
4 1 0 1025
4 1 0 1025
4 1 0 1025
4 1 0 1025
4 1 0 1025
4 1 0 1025
4 1 0 1025
4 1 0 1025
4 1 0 1025
4 1 0 1025
4 1 0 1025
4 1 0 1025
4 1 0 1025
4 1 0 1025
4 1 0 1025
4 1 0 1025
4 1 0 1025
4 1 0 1025
4 1 0 1025
4 1 0 1025
4 1 0 1025
4 1 0 1025
4 1 0 1025
4 1 0 1025
4 1 0 1025
4 1 0 1025
4 1 0 1025
4 1 0 1025
4 1 0 1025
4 1 0 1025
4 1 0 1025
4 1 0 1025
4 1 0 1025
4 1 0 1025
4 1 0 1025
4 1 0 1025
4 1 0 1025
4 1 0 1025
4 1 0 1025
4 1 0 1025
4 1 0 1025
4 1 0 1025
4 1 0 1025
4 1 0 1025
4 1 0 1025
4 1 0 1025
4 1 0 1025
4 1 0 1025
4 1 0 1025
4 1 0 1025
4 1 0 1025
4 1 0 1025
4 1 0 1025
4 1 0 1025
4 1 0 1025
4 1 0 1025
4 1 0 1025
4 1 0 1025
4 1 0 1025
4 1 0 1025
4 1 0 1025
4 1 0 1025
4 1 0 1025
4 1 0 1025
4 1 0 1025
4 1 0 1025
4 1 0 1025
4 1 0 1025
4 1 0 1025
4 1 0 1025
4 1 0 1025
4 1 0 1025
4 1 0 1025
4 1 0 1025
4 1 0 1025
4 1 0 1025
4 1 0 1025
4 1 0 1025
4 1 0 1025
4 1 0 1025
4 1 0 1025
4 1 0 1025
4 1 0 1025
4 1 0 1025
4 1 0 1025
4 1 0 1025
4 1 0 1025
4 1 0 1025
4 1 0 1025
4 1 0 1025
4 1 0 1025
4 1 0 1025
4 1 0 1025
4 1 0 1025
4 1 0 1025
4 1 0 1025
4 1 0 1025
4 1 0 1025
4 1 0 1025
4 1 0 1025
4 1 0 1025
4 1 0 1025
4 1 0 1025
4 1 0 1025
4 1 0 1025
4 1 0 1025
4 1 0 1025
4 1 0 1025
4 1 0 1025
4 1 0 1025
4 1 0 1025
4 1 0 1025
4 1 0 1025
4 1 0 1025
4 1 0 1025
4 1 0 1025
4 1 0 1025
4 1 0 1025
4 1 0 1025
4 1 0 1025
4 1 0 1025
4 1 0 1025
4 1 0 1025
4 1 0 1025
4 1 0 1025
4 1 0 1025
4 1 0 1025
4 1 0 1025
4 1 0 1025
4 1 0 1025
4 1 0 1025
4 1 0 1025
4 1 0 1025
4 1 0 1025
4 1 0 1025
4 1 0 1025
4 1 0 1025
4 1 0 1025
4 1 0 1025
4 1 0 1025
4 1 0 1025
4 1 0 1025
4 1 0 1025
4 1 0 1025
4 1 0 1025
4 1 0 1025
4 1 0 1025
4 1 0 1025
4 1 0 1025
4 1 0 1025
4 1 0 1025
4 1 0 1025
4 1 0 1025
4 1 0 1025
4 1 0 1025
4 1 0 1025
4 1 0 1025
4 1 0 1025
4 1 0 1025
4 1 0 1025
4 1 0 1025
4 1 0 1025
4 1 0 1025
4 1 0 1025
4 1 0 1025
4 1 0 1025
4 1 0 1025
4 1 0 1025
4 1 0 1025
4 1 0 1025
4 1 0 1025
4 1 0 1025
4 1 0 1025
4 1 0 1025
4 1 0 1025
4 1 0 1025
4 1 0 1025
4 1 0 1025
4 1 0 1025
4 1 0 1025
4 1 0 1025
4 1 0 1025
4 1 0 1025
4 1 0 1025
4 1 0 1025
4 1 0 1025
4 1 0 1025
4 1 0 1025
4 1 0 1025
4 1 0 1025
4 1 0 1025
4 1 0 1025
4 1 0 1025
4 1 0 1025
4 1 0 1025
4 1 0 1025
4 1 0 1025
4 1 0 1025
4 1 0 1025
4 1 0 1025
4 1 0 1025
4 1 0 1025
4 1 0 1025
4 1 0 1025
4 1 0 1025
4 1 0 1025
4 1 0 1025
4 1 0 1025
4 1 0 1025
4 1 0 1025
4 1 0 1025
4 1 0 1025
4 1 0 1025
4 1 0 1025
4 1 0 1025
4 1 0 1025
4 1 0 1025
4 1 0 1025
4 1 0 1025
4 1 0 1025
4 1 0 1025
4 1 0 1025
4 1 0 1025
4 1 0 1025
4 1 0 1025
4 1 0 1025
4 1 0 1025
4 1 0 1025
4 1 0 1025
4 1 0 1025
4 1 0 1025
4 1 0 1025
4 1 0 1025
4 1 0 1025
4 1 0 1025
4 1 0 1025
4 1 0 1025
4 1 0 1025
4 1 0 1025
4 1 0 1025
4 1 0 1025
4 1 0 1025
4 1 0 1025
4 1 0 1025
4 1 0 1025
4 1 0 1025
4 1 0 1025
4 1 0 1025
4 1 0 1025
4 1 0 1025
4 1 0 1025
4 1 0 1025
4 1 0 1025
4 1 0 1025
4 1 0 1025
4 1 0 1025
4 1 0 1025
4 1 0 1025
4 1 0 1025
4 1 0 1025
4 1 0 1025
4 1 0 1025
4 1 0 1025
4 1 0 1025
4 1 0 1025
4 1 0 1025
4 1 0 1025
4 1 0 1025
4 1 0 1025
4 1 0 1025
4 1 0 1025
4 1 0 1025
4 1 0 1025
4 1 0 1025
4 1 0 1025
4 1 0 1025
4 1 0 1025
4 1 0 1025
4 1 0 1025
4 1 0 1025
4 1 0 1025
4 1 0 1025
4 1 0 1025
4 1 0 1025
4 1 0 1025
4 1 0 1025
4 1 0 1025
4 1 0 1025
4 1 0 1025
4 1 0 1025
4 1 0 1025
4 1 0 1025
4 1 0 1025
4 1 0 1025
4 1 0 1025
4 1 0 1025
4 1 0 1025
4 1 0 1025
4 1 0 1025
4 1 0 1025
4 1 0 1025
4 1 0 1025
4 1 0 1025
4 1 0 1025
4 1 0 1025
4 1 0 1025
4 1 0 1025
4 1 0 1025
4 1 0 1025
4 1 0 1025
4 1 0 1025
4 1 0 1025
4 1 0 1025
4 1 0 1025
4 1 0 1025
4 1 0 1025
4 1 0 1025
4 1 0 1025
4 1 0 1025
4 1 0 1025
4 1 0 1025
4 1 0 1025
4 1 0 1025
4 1 0 1025
4 1 0 1025
4 1 0 1025
4 1 0 1025
4 1 0 1025
4 1 0 1025
4 1 0 1025
4 1 0 1025
4 1 0 1025
4 1 0 1025
4 1 0 1025
4 1 0 1025
4 1 0 1025
4 1 0 1025
4 1 0 1025
4 1 0 1025
4 1 0 1025
4 1 0 1025
4 1 0 1025
4 1 0 1025
4 1 0 1025
4 1 0 1025
4 1 0 1025
4 1 0 1025
4 1 0 1025
4 1 0 1025
4 1 0 1025
4 1 0 1025
4 1 0 1025
4 1 0 1025
4 1 0 1025
4 1 0 1025
4 1 0 1025
4 1 0 1025
4 1 0 1025
4 1 0 1025
4 1 0 1025
4 1 0 1025
4 1 0 1025
4 1 0 1025
4 1 0 1025
4 1 0 1025
4 1 0 1025
4 1 0 1025
4 1 0 1025
4 1 0 1025
4 1 0 1025
4 1 0 1025
4 1 0 1025
4 1 0 1025
4 1 0 1025
4 1 0 1025
4 1 0 1025
4 1 0 1025
4 1 0 1025
4 1 0 1025
4 1 0 1025
4 1 0 1025
4 1 0 1025
4 1 0 1025
4 1 0 1025
4 1 0 1025
4 1 0 1025
4 1 0 1025
4 1 0 1025
4 1 0 1025
4 1 0 1025
4 1 0 1025
4 1 0 1025
4 1 0 1025
4 1 0 1025
4 1 0 1025
4 1 0 1025
4 1 0 1025
4 1 0 1025
4 1 0 1025
4 1 0 1025
4 1 0 1025
4 1 0 1025
4 1 0 1025
4 1 0 1025
4 1 0 1025
4 1 0 1025
4 1 0 1025
4 1 0 1025
4 1 0 1025
4 1 0 1025
4 1 0 1025
4 1 0 1025
4 1 0 1025
4 1 0 1025
4 1 0 1025
4 1 0 1025
4 1 0 1025
4 1 0 1025
4 1 0 1025
4 1 0 1025
4 1 0 1025
4 1 0 1025
4 1 0 1025
4 1 0 1025
4 1 0 1025
4 1 0 1025
4 1 0 1025
4 1 0 1025
4 1 0 1025
4 1 0 1025
4 1 0 1025
4 1 0 1025
4 1 0 1025
4 1 0 1025
4 1 0 1025
4 1 0 1025
4 1 0 1025
4 1 0 1025
4 1 0 1025
4 1 0 1025
4 1 0 1025
4 1 0 1025
4 1 0 1025
4 1 0 1025
4 1 0 1025
4 1 0 1025
4 1 0 1025
4 1 0 1025
4 1 0 1025
4 1 0 1025
4 1 0 1025
4 1 0 1025
4 1 0 1025
4 1 0 1025
4 1 0 1025
4 1 0 1025
4 1 0 1025
4 1 0 1025
4 1 0 1025
4 1 0 1025
4 1 0 1025
4 1 0 1025
4 1 0 1025
4 1 0 1025
4 1 0 1025
4 1 0 1025
4 1 0 1025
4 1 0 1025
4 1 0 1025
4 1 0 1025
4 1 0 1025
4 1 0 1025
4 1 0 1025
4 1 0 1025
4 1 0 1025
4 1 0 1025
4 1 0 1025
4 1 0 1025
4 1 0 1025
4 1 0 1025
4 1 0 1025
4 1 0 1025
4 1 0 1025
4 1 0 1025
4 1 0 1025
4 1 0 1025
4 1 0 1025
4 1 0 1025
4 1 0 1025
4 1 0 1025
4 1 0 1025
4 1 0 1025
4 1 0 1025
4 1 0 1025
4 1 0 1025
4 1 0 1025
4 1 0 1025
4 1 0 1025
4 1 0 1025
4 1 0 1025
4 1 0 1025
4 1 0 1025
4 1 0 1025
4 1 0 1025
4 1 0 1025
4 1 0 1025
4 1 0 1025
4 1 0 1025
4 1 0 1025
4 1 0 1025
4 1 0 1025
4 1 0 1025
4 1 0 1025
4 1 0 1025
4 1 0 1025
4 1 0 1025
4 1 0 1025
4 1 0 1025
4 1 0 1025
4 1 0 1025
4 1 0 1025
4 1 0 1025
4 1 0 1025
4 1 0 1025
4 1 0 1025
4 1 0 1025
4 1 0 1025
4 1 0 1025
4 1 0 1025
4 1 0 1025
4 1 0 1025
4 1 0 1025
4 1 0 1025
4 1 0 1025
4 1 0 1025
4 1 0 1025
4 1 0 1025
4 1 0 1025
4 1 0 1025
4 1 0 1025
4 1 0 1025
4 1 0 1025
4 1 0 1025
4 1 0 1025
4 1 0 1025
4 1 0 1025
4 1 0 1025
4 1 0 1025
4 1 0 1025
4 1 0 1025
4 1 0 1025
4 1 0 1025
4 1 0 1025
4 1 0 1025
4 1 0 1025
4 1 0 1025
4 1 0 1025
4 1 0 1025
4 1 0 1025
4 1 0 1025
4 1 0 1025
4 1 0 1025
4 1 0 1025
4 1 0 1025
4 1 0 1025
4 1 0 1025
4 1 0 1025
4 1 0 1025
4 1 0 1025
4 1 0 1025
4 1 0 1025
4 1 0 1025
4 1 0 1025
4 1 0 1025
4 1 0 1025
4 1 0 1025
4 1 0 1025
4 1 0 1025
4 1 0 1025
4 1 0 1025
4 1 0 1025
4 1 0 1025
4 1 0 1025
4 1 0 1025
4 1 0 1025
4 1 0 1025
4 1 0 1025
4 1 0 1025
4 1 0 1025
4 1 0 1025
4 1 0 1025
4 1 0 1025
4 1 0 1025
4 1 0 1025
4 1 0 1025
4 1 0 1025
4 1 0 1025
4 1 0 1025
4 1 0 1025
4 1 0 1025
4 1 0 1025
4 1 0 1025
4 1 0 1025
4 1 0 1025
4 1 0 1025
4 1 0 1025
4 1 0 1025
4 1 0 1025
4 1 0 1025
4 1 0 1025
4 1 0 1025
4 1 0 1025
4 1 0 1025
4 1 0 1025
4 1 0 1025
4 1 0 1025
4 1 0 1025
4 1 0 1025
4 1 0 1025
4 1 0 1025
4 1 0 1025
4 1 0 1025
4 1 0 1025
4 1 0 1025
4 1 0 1025
4 1 0 1025
4 1 0 1025
4 1 0 1025
4 1 0 1025
4 1 0 1025
4 1 0 1025
4 1 0 1025
4 1 0 1025
4 1 0 1025
4 1 0 1025
4 1 0 1025
4 1 0 1025
4 1 0 1025
4 1 0 1025
4 1 0 1025
4 1 0 1025
4 1 0 1025
4 1 0 1025
4 1 0 1025
4 1 0 1025
4 1 0 1025
4 1 0 1025
4 1 0 1025
4 1 0 1025
4 1 0 1025
4 1 0 1025
4 1 0 1025
4 1 0 1025
4 1 0 1025
4 1 0 1025
4 1 0 1025
4 1 0 1025
4 1 0 1025
4 1 0 1025
4 1 0 1025
4 1 0 1025
4 1 0 1025
4 1 0 1025
4 1 0 1025
4 1 0 1025
4 1 0 1025
4 1 0 1025
4 1 0 1025
4 1 0 1025
4 1 0 1025
4 1 0 1025
4 1 0 1025
4 1 0 1025
4 1 0 1025
4 1 0 1025
4 1 0 1025
4 1 0 1025
4 1 0 1025
4 1 0 1025
4 1 0 1025
4 1 0 1025
4 1 0 1025
4 1 0 1025
4 1 0 1025
4 1 0 1025
4 1 0 1025
4 1 0 1025
4 1 0 1025
4 1 0 1025
4 1 0 1025
4 1 0 1025
4 1 0 1025
4 1 0 1025
4 1 0 1025
4 1 0 1025
4 1 0 1025
4 1 0 1025
4 1 0 1025
4 1 0 1025
4 1 0 1025
4 1 0 1025
4 1 0 1025
4 1 0 1025
4 1 0 1025
4 1 0 1025
4 1 0 1025
4 1 0 1025
4 1 0 1025
4 1 0 1025
4 1 0 1025
4 1 0 1025
4 1 0 1025
4 1 0 1025
4 1 0 1025
4 1 0 1025
4 1 0 1025
4 1 0 1025
4 1 0 1025
4 1 0 1025
4 1 0 1025
4 1 0 1025
4 1 0 1025
4 1 0 1025
4 1 0 1025
4 1 0 1025
4 1 0 1025
4 1 0 1025
4 1 0 1025
4 1 0 1025
4 1 0 1025
4 1 0 1025
4 1 0 1025
4 1 0 1025
4 1 0 1025
4 1 0 1025
4 1 0 1025
4 1 0 1025
4 1 0 1025
4 1 0 1025
4 1 0 1025
4 1 0 1025
4 1 0 1025
4 1 0 1025
4 1 0 1025
4 1 0 1025
4 1 0 1025
4 1 0 1025
4 1 0 1025
4 1 0 1025
4 1 0 1025
4 1 0 1025
4 1 0 1025
4 1 0 1025
4 1 0 1025
4 1 0 1025
4 1 0 1025
4 1 0 1025
4 1 0 1025
4 1 0 1025
4 1 0 1025
4 1 0 1025
4 1 0 1025
4 1 0 1025
4 1 0 1025
4 1 0 1025
4 1 0 1025
4 1 0 1025
4 1 0 1025
4 1 0 1025
4 1 0 1025
4 1 0 1025
4 1 0 1025
4 1 0 1025
4 1 0 1025
4 1 0 1025
4 1 0 1025
4 1 0 1025
4 1 0 1025
4 1 0 1025
4 1 0 1025
4 1 0 1025
4 1 0 1025
4 1 0 1025
4 1 0 1025
4 1 0 1025
4 1 0 1025
4 1 0 1025
4 1 0 1025
4 1 0 1025
4 1 0 1025
4 1 0 1025
4 1 0 1025
4 1 0 1025
4 1 0 1025
4 1 0 1025
4 1 0 1025
4 1 0 1025
4 1 0 1025
4 1 0 1025
4 1 0 1025
4 1 0 1025
4 1 0 1025
4 1 0 1025
4 1 0 1025
4 1 0 1025
4 1 0 1025
4 1 0 1025
4 1 0 1025
4 1 0 1025
4 1 0 1025
4 1 0 1025
4 1 0 1025
4 1 0 1025
4 1 0 1025
4 1 0 1025
4 1 0 1025
4 1 0 1025
4 1 0 1025
4 1 0 1025
4 1 0 1025
4 1 0 1025
4 1 0 1025
4 1 0 1025
4 1 0 1025
4 1 0 1025
4 1 0 1025
4 1 0 1025
4 1 0 1025
4 1 0 1025
4 1 0 1025
4 1 0 1025
4 1 0 1025
4 1 0 1025
4 1 0 1025
4 1 0 1025
4 1 0 1025
4 1 0 1025
4 1 0 1025
4 1 0 1025
4 1 0 1025
4 1 0 1025
4 1 0 1025
4 1 0 1025
4 1 0 1025
4 1 0 1025
4 1 0 1025
4 1 0 1025
4 1 0 1025
4 1 0 1025
4 1 0 1025
4 1 0 1025
4 1 0 1025
4 1 0 1025
4 1 0 1025
4 1 0 1025
4 1 0 1025
4 1 0 1025
4 1 0 1025
4 1 0 1025
4 1 0 1025
4 1 0 1025
4 1 0 1025
4 1 0 1025
4 1 0 1025
4 1 0 1025
4 1 0 1025
4 1 0 1025
4 1 0 1025
4 1 0 1025
4 1 0 1025
4 1 0 1025
4 1 0 1025
4 1 0 1025
4 1 0 1025
4 1 0 1025
4 1 0 1025
4 1 0 1025
4 1 0 1025
4 1 0 1025
4 1 0 1025
4 1 0 1025
4 1 0 1025
4 1 0 1025
4 1 0 1025
4 1 0 1025
4 1 0 1025
4 1 0 1025
4 1 0 1025
4 1 0 1025
4 1 0 1025
4 1 0 1025
4 1 0 1025
4 1 0 1025
4 1 0 1025
4 1 0 1025
4 1 0 1025
4 1 0 1025
4 1 0 1025
4 1 0 1025
4 1 0 1025
4 1 0 1025
4 1 0 1025
4 1 0 1025
4 1 0 1025
4 1 0 1025
4 1 0 1025
4 1 0 1025
4 1 0 1025
4 1 0 1025
4 1 0 1025
4 1 0 1025
4 1 0 1025
4 1 0 1025
4 1 0 1025
4 1 0 1025
4 1 0 1025
4 1 0 1025
4 1 0 1025
4 1 0 1025
4 1 0 1025
4 1 0 1025
4 1 0 1025
4 1 0 1025
4 1 0 1025
4 1 0 1025
4 1 0 1025
4 1 0 1025
4 1 0 1025
4 1 0 1025
4 1 0 1025
4 1 0 1025
4 1 0 1025
4 1 0 1025
4 1 0 1025
4 1 0 1025
4 1 0 1025
4 1 0 1025
4 1 0 1025
4 1 0 1025
4 1 0 1025
4 1 0 1025
4 1 0 1025
4 1 0 1025
4 1 0 1025
4 1 0 1025
4 1 0 1025
4 1 0 1025
4 1 0 1025
4 1 0 1025
4 1 0 1025
4 1 0 1025
4 1 0 1025
4 1 0 1025
4 1 0 1025
4 1 0 1025
4 1 0 1025
4 1 0 1025
4 1 0 1025
4 1 0 1025
4 1 0 1025
4 1 0 1025
4 1 0 1025
4 1 0 1025
4 1 0 1025
4 1 0 1025
4 1 0 1025
4 1 0 1025
4 1 0 1025
4 1 0 1025
4 1 0 1025
4 1 0 1025
4 1 0 1025
4 1 0 1025
4 1 0 1025
4 1 0 1025
4 1 0 1025
4 1 0 1025
4 1 0 1025
4 1 0 1025
4 1 0 1025
4 1 0 1025
4 1 0 1025
4 1 0 1025
4 1 0 1025
4 1 0 1025
4 1 0 1025
4 1 0 1025
4 1 0 1025
4 1 0 1025
4 1 0 1025
4 1 0 1025
4 1 0 1025
4 1 0 1025
4 1 0 1025
4 1 0 1025
4 1 0 1025
4 1 0 1025
4 1 0 1025
4 1 0 1025
4 1 0 1025
4 1 0 1025
4 1 0 1025
4 1 0 1025
4 1 0 1025
4 1 0 1025
4 1 0 1025
4 1 0 1025
4 1 0 1025
4 1 0 1025
4 1 0 1025
4 1 0 1025
4 1 0 1025
4 1 0 1025
4 1 0 1025
4 1 0 1025
4 1 0 1025
4 1 0 1025
4 1 0 1025
4 1 0 1025
4 1 0 1025
4 1 0 1025
4 1 0 1025
4 1 0 1025
4 1 0 1025
4 1 0 1025
4 1 0 1025
4 1 0 1025
4 1 0 1025
4 1 0 1025
4 1 0 1025
4 1 0 1025
4 1 0 1025
4 1 0 1025
4 1 0 1025
4 1 0 1025
4 1 0 1025
4 1 0 1025
4 1 0 1025
4 1 0 1025
4 1 0 1025
4 1 0 1025
4 1 0 1025
4 1 0 1025
4 1 0 1025
4 1 0 1025
4 1 0 1025
4 1 0 1025
4 1 0 1025
4 1 0 1025
4 1 0 1025
4 1 0 1025
4 1 0 1025
4 1 0 1025
4 1 0 1025
4 1 0 1025
4 1 0 1025
4 1 0 1025
4 1 0 1025
4 1 0 1025
4 1 0 1025
4 1 0 1025
4 1 0 1025
4 1 0 1025
4 1 0 1025
4 1 0 1025
4 1 0 1025
4 1 0 1025
4 1 0 1025
4 1 0 1025
4 1 0 1025
4 1 0 1025
4 1 0 1025
4 1 0 1025
4 1 0 1025
4 1 0 1025
4 1 0 1025
4 1 0 1025
4 1 0 1025
4 1 0 1025
4 1 0 1025
4 1 0 1025
4 1 0 1025
4 1 0 1025
4 1 0 1025
4 1 0 1025
4 1 0 1025
4 1 0 1025
4 1 0 1025
4 1 0 1025
4 1 0 1025
4 1 0 1025
4 1 0 1025
4 1 0 1025
4 1 0 1025
4 1 0 1025
4 1 0 1025
4 1 0 1025
4 1 0 1025
4 1 0 1025
4 1 0 1025
4 1 0 1025
4 1 0 1025
4 1 0 1025
4 1 0 1025
4 1 0 1025
4 1 0 1025
4 1 0 1025
4 1 0 1025
4 1 0 1025
4 1 0 1025
4 1 0 1025
4 1 0 1025
4 1 0 1025
4 1 0 1025
4 1 0 1025
4 1 0 1025
4 1 0 1025
4 1 0 1025
4 1 0 1025
4 1 0 1025
4 1 0 1025
4 1 0 1025
4 1 0 1025
4 1 0 1025
4 1 0 1025
4 1 0 1025
4 1 0 1025
4 1 0 1025
4 1 0 1025
4 1 0 1025
4 1 0 1025
4 1 0 1025
4 1 0 1025
4 1 0 1025
4 1 0 1025
4 1 0 1025
4 1 0 1025
4 1 0 1025
4 1 0 1025
4 1 0 1025
4 1 0 1025
4 1 0 1025
4 1 0 1025
4 1 0 1025
4 1 0 1025
4 1 0 1025
4 1 0 1025
4 1 0 1025
4 1 0 1025
4 1 0 1025
4 1 0 1025
4 1 0 1025
4 1 0 1025
4 1 0 1025
4 1 0 1025
4 1 0 1025
4 1 0 1025
4 1 0 1025
4 1 0 1025
4 1 0 1025
4 1 0 1025
4 1 0 1025
4 1 0 1025
4 1 0 1025
4 1 0 1025
4 1 0 1025
4 1 0 1025
4 1 0 1025
4 1 0 1025
4 1 0 1025
4 1 0 1025
4 1 0 1025
4 1 0 1025
4 1 0 1025
4 1 0 1025
4 1 0 1025
4 1 0 1025
4 1 0 1025
4 1 0 1025
4 1 0 1025
4 1 0 1025
4 1 0 1025
4 1 0 1025
4 1 0 1025
4 1 0 1025
4 1 0 1025
4 1 0 1025
4 1 0 1025
4 1 0 1025
4 1 0 1025
4 1 0 1025
4 1 0 1025
4 1 0 1025
4 1 0 1025
4 1 0 1025
4 1 0 1025
4 1 0 1025
4 1 0 1025
4 1 0 1025
4 1 0 1025
4 1 0 1025
4 1 0 1025
4 1 0 1025
4 1 0 1025
4 1 0 1025
4 1 0 1025
4 1 0 1025
4 1 0 1025
4 1 0 1025
4 1 0 1025
4 1 0 1025
4 1 0 1025
4 1 0 1025
4 1 0 1025
4 1 0 1025
4 1 0 1025
4 1 0 1025
4 1 0 1025
4 1 0 1025
4 1 0 1025
4 1 0 1025
4 1 0 1025
4 1 0 1025
4 1 0 1025
4 1 0 1025
4 1 0 1025
4 1 0 1025
4 1 0 1025
4 1 0 1025
4 1 0 1025
4 1 0 1025
4 1 0 1025
4 1 0 1025
4 1 0 1025
4 1 0 1025
4 1 0 1025
4 1 0 1025
4 1 0 1025
4 1 0 1025
4 1 0 1025
4 1 0 1025
4 1 0 1025
4 1 0 1025
4 1 0 1025
4 1 0 1025
4 1 0 1025
4 1 0 1025
4 1 0 1025
4 1 0 1025
4 1 0 1025
4 1 0 1025
4 1 0 1025
4 1 0 1025
4 1 0 1025
4 1 0 1025
4 1 0 1025
4 1 0 1025
4 1 0 1025
4 1 0 1025
4 1 0 1025
4 1 0 1025
4 1 0 1025
4 1 0 1025
4 1 0 1025
4 1 0 1025
4 1 0 1025
4 1 0 1025
4 1 0 1025
4 1 0 1025
4 1 0 1025
4 1 0 1025
4 1 0 1025
4 1 0 1025
4 1 0 1025
4 1 0 1025
4 1 0 1025
4 1 0 1025
4 1 0 1025
4 1 0 1025
4 1 0 1025
4 1 0 1025
4 1 0 1025
4 1 0 1025
4 1 0 1025
4 1 0 1025
4 1 0 1025
4 1 0 1025
4 1 0 1025
4 1 0 1025
4 1 0 1025
4 1 0 1025
4 1 0 1025
4 1 0 1025
4 1 0 1025
4 1 0 1025
4 1 0 1025
4 1 0 1025
4 1 0 1025
4 1 0 1025
4 1 0 1025
4 1 0 1025
4 1 0 1025
4 1 0 1025
4 1 0 1025
4 1 0 1025
4 1 0 1025
4 1 0 1025
4 1 0 1025
4 1 0 1025
4 1 0 1025
4 1 0 1025
4 1 0 1025
4 1 0 1025
4 1 0 1025
4 1 0 1025
4 1 0 1025
4 1 0 1025
4 1 0 1025
4 1 0 1025
4 1 0 1025
4 1 0 1025
4 1 0 1025
4 1 0 1025
4 1 0 1025
4 1 0 1025
4 1 0 1025
4 1 0 1025
4 1 0 1025
4 1 0 1025
4 1 0 1025
4 1 0 1025
4 1 0 1025
4 1 0 1025
4 1 0 1025
4 1 0 1025
4 1 0 1025
4 1 0 1025
4 1 0 1025
4 1 0 1025
4 1 0 1025
4 1 0 1025
4 1 0 1025
4 1 0 1025
4 1 0 1025
4 1 0 1025
4 1 0 1025
4 1 0 1025
4 1 0 1025
4 1 0 1025
4 1 0 1025
4 1 0 1025
4 1 0 1025
4 1 0 1025
4 1 0 1025
4 1 0 1025
4 1 0 1025
4 1 0 1025
4 1 0 1025
4 1 0 1025
4 1 0 1025
4 1 0 1025
4 1 0 1025
4 1 0 1025
4 1 0 1025
4 1 0 1025
4 1 0 1025
4 1 0 1025
4 1 0 1025
4 1 0 1025
4 1 0 1025
4 1 0 1025
4 1 0 1025
4 1 0 1025
4 1 0 1025
4 1 0 1025
4 1 0 1025
4 1 0 1025
4 1 0 1025
4 1 0 1025
4 1 0 1025
4 1 0 1025
4 1 0 1025
4 1 0 1025
4 1 0 1025
4 1 0 1025
4 1 0 1025
4 1 0 1025
4 1 0 1025
4 1 0 1025
4 1 0 1025
4 1 0 1025
4 1 0 1025
4 1 0 1025
4 1 0 1025
4 1 0 1025
4 1 0 1025
4 1 0 1025
4 1 0 1025
4 1 0 1025
4 1 0 1025
4 1 0 1025
4 1 0 1025
4 1 0 1025
4 1 0 1025
4 1 0 1025
4 1 0 1025
4 1 0 1025
4 1 0 1025
4 1 0 1025
4 1 0 1025
4 1 0 1025
4 1 0 1025
4 1 0 1025
4 1 0 1025
4 1 0 1025
4 1 0 1025
4 1 0 1025
4 1 0 1025
4 1 0 1025
4 1 0 1025
4 1 0 1025
4 1 0 1025
4 1 0 1025
4 1 0 1025
4 1 0 1025
4 1 0 1025
4 1 0 1025
4 1 0 1025
4 1 0 1025
4 1 0 1025
4 1 0 1025
4 1 0 1025
4 1 0 1025
4 1 0 1025
4 1 0 1025
4 1 0 1025
4 1 0 1025
4 1 0 1025
4 1 0 1025
4 1 0 1025
4 1 0 1025
4 1 0 1025
4 1 0 1025
4 1 0 1025
4 1 0 1025
4 1 0 1025
4 1 0 1025
4 1 0 1025
4 1 0 1025
4 1 0 1025
4 1 0 1025
4 1 0 1025
4 1 0 1025
4 1 0 1025
4 1 0 1025
4 1 0 1025
4 1 0 1025
4 1 0 1025
4 1 0 1025
4 1 0 1025
4 1 0 1025
4 1 0 1025
4 1 0 1025
4 1 0 1025
4 1 0 1025
4 1 0 1025
4 1 0 1025
4 1 0 1025
4 1 0 1025
4 1 0 1025
4 1 0 1025
4 1 0 1025
4 1 0 1025
4 1 0 1025
4 1 0 1025
4 1 0 1025
4 1 0 1025
4 1 0 1025
4 1 0 1025
4 1 0 1025
4 1 0 1025
4 1 0 1025
4 1 0 1025
4 1 0 1025
4 1 0 1025
4 1 0 1025
4 1 0 1025
4 1 0 1025
4 1 0 1025
4 1 0 1025
4 1 0 1025
4 1 0 1025
4 1 0 1025
4 1 0 1025
4 1 0 1025
4 1 0 1025
4 1 0 1025
4 1 0 1025
4 1 0 1025
4 1 0 1025
4 1 0 1025
4 1 0 1025
4 1 0 1025
4 1 0 1025
4 1 0 1025
4 1 0 1025
4 1 0 1025
4 1 0 1025
4 1 0 1025
4 1 0 1025
4 1 0 1025
4 1 0 1025
4 1 0 1025
4 1 0 1025
4 1 0 1025
4 1 0 1025
4 1 0 1025
4 1 0 1025
4 1 0 1025
4 1 0 1025
4 1 0 1025
4 1 0 1025
4 1 0 1025
4 1 0 1025
4 1 0 1025
4 1 0 1025
4 1 0 1025
4 1 0 1025
4 1 0 1025
4 1 0 1025
4 1 0 1025
4 1 0 1025
4 1 0 1025
4 1 0 1025
4 1 0 1025
4 1 0 1025
4 1 0 1025
4 1 0 1025
4 1 0 1025
4 1 0 1025
4 1 0 1025
4 1 0 1025
4 1 0 1025
4 1 0 1025
4 1 0 1025
4 1 0 1025
4 1 0 1025
4 1 0 1025
4 1 0 1025
4 1 0 1025
4 1 0 1025
4 1 0 1025
4 1 0 1025
4 1 0 1025
4 1 0 1025
4 1 0 1025
4 1 0 1025
4 1 0 1025
4 1 0 1025
4 1 0 1025
4 1 0 1025
4 1 0 1025
4 1 0 1025
4 1 0 1025
4 1 0 1025
4 1 0 1025
4 1 0 1025
4 1 0 1025
4 1 0 1025
4 1 0 1025
4 1 0 1025
4 1 0 1025
4 1 0 1025
4 1 0 1025
4 1 0 1025
4 1 0 1025
4 1 0 1025
4 1 0 1025
4 1 0 1025
4 1 0 1025
4 1 0 1025
4 1 0 1025
4 1 0 1025
4 1 0 1025
4 1 0 1025
4 1 0 1025
4 1 0 1025
4 1 0 1025
4 1 0 1025
4 1 0 1025
4 1 0 1025
4 1 0 1025
4 1 0 1025
4 1 0 1025
4 1 0 1025
4 1 0 1025
4 1 0 1025
4 1 0 1025
4 1 0 1025
4 1 0 1025
4 1 0 1025
4 1 0 1025
4 1 0 1025
4 1 0 1025
4 1 0 1025
4 1 0 1025
4 1 0 1025
4 1 0 1025
4 1 0 1025
4 1 0 1025
4 1 0 1025
4 1 0 1025
4 1 0 1025
4 1 0 1025
4 1 0 1025
4 1 0 1025
4 1 0 1025
4 1 0 1025
4 1 0 1025
4 1 0 1025
4 1 0 1025
4 1 0 1025
4 1 0 1025
4 1 0 1025
4 1 0 1025
4 1 0 1025
4 1 0 1025
4 1 0 1025
4 1 0 1025
4 1 0 1025
4 1 0 1025
4 1 0 1025
4 1 0 1025
4 1 0 1025
4 1 0 1025
4 1 0 1025
4 1 0 1025
4 1 0 1025
4 1 0 1025
4 1 0 1025
4 1 0 1025
4 1 0 1025
4 1 0 1025
4 1 0 1025
4 1 0 1025
4 1 0 1025
4 1 0 1025
4 1 0 1025
4 1 0 1025
4 1 0 1025
4 1 0 1025
4 1 0 1025
4 1 0 1025
4 1 0 1025
4 1 0 1025
4 1 0 1025
4 1 0 1025
4 1 0 1025
4 1 0 1025
4 1 0 1025
4 1 0 1025
4 1 0 1025
4 1 0 1025
4 1 0 1025
4 1 0 1025
4 1 0 1025
4 1 0 1025
4 1 0 1025
4 1 0 1025
4 1 0 1025
4 1 0 1025
4 1 0 1025
4 1 0 1025
4 1 0 1025
4 1 0 1025
4 1 0 1025
4 1 0 1025
4 1 0 1025
4 1 0 1025
4 1 0 1025
4 1 0 1025
4 1 0 1025
4 1 0 1025
4 1 0 1025
4 1 0 1025
4 1 0 1025
4 1 0 1025
4 1 0 1025
4 1 0 1025
4 1 0 1025
4 1 0 1025
4 1 0 1025
4 1 0 1025
4 1 0 1025
4 1 0 1025
4 1 0 1025
4 1 0 1025
4 1 0 1025
4 1 0 1025
4 1 0 1025
4 1 0 1025
4 1 0 1025
4 1 0 1025
4 1 0 1025
4 1 0 1025
4 1 0 1025
4 1 0 1025
4 1 0 1025
4 1 0 1025
4 1 0 1025
4 1 0 1025
4 1 0 1025
4 1 0 1025
4 1 0 1025
4 1 0 1025
4 1 0 1025
4 1 0 1025
4 1 0 1025
4 1 0 1025
4 1 0 1025
4 1 0 1025
4 1 0 1025
4 1 0 1025
4 1 0 1025
4 1 0 1025
4 1 0 1025
4 1 0 1025
4 1 0 1025
4 1 0 1025
4 1 0 1025
4 1 0 1025
4 1 0 1025
4 1 0 1025
4 1 0 1025
4 1 0 1025
4 1 0 1025
4 1 0 1025
4 1 0 1025
4 1 0 1025
4 1 0 1025
4 1 0 1025
4 1 0 1025
4 1 0 1025
4 1 0 1025
4 1 0 1025
4 1 0 1025
4 1 0 1025
4 1 0 1025
4 1 0 1025
4 1 0 1025
4 1 0 1025
4 1 0 1025
4 1 0 1025
4 1 0 1025
4 1 0 1025
4 1 0 1025
4 1 0 1025
4 1 0 1025
4 1 0 1025
4 1 0 1025
4 1 0 1025
4 1 0 1025
4 1 0 1025
4 1 0 1025
4 1 0 1025
4 1 0 1025
4 1 0 1025
4 1 0 1025
4 1 0 1025
4 1 0 1025
4 1 0 1025
4 1 0 1025
4 1 0 1025
4 1 0 1025
4 1 0 1025
4 1 0 1025
4 1 0 1025
4 1 0 1025
4 1 0 1025
4 1 0 1025
4 1 0 1025
4 1 0 1025
4 1 0 1025
4 1 0 1025
4 1 0 1025
4 1 0 1025
4 1 0 1025
4 1 0 1025
4 1 0 1025
4 1 0 1025
4 1 0 1025
4 1 0 1025
4 1 0 1025
4 1 0 1025
4 1 0 1025
4 1 0 1025
4 1 0 1025
4 1 0 1025
4 1 0 1025
4 1 0 1025
4 1 0 1025
4 1 0 1025
4 1 0 1025
4 1 0 1025
4 1 0 1025
4 1 0 1025
4 1 0 1025
4 1 0 1025
4 1 0 1025
4 1 0 1025
4 1 0 1025
4 1 0 1025
4 1 0 1025
4 1 0 1025
4 1 0 1025
4 1 0 1025
4 1 0 1025
4 1 0 1025
4 1 0 1025
4 1 0 1025
4 1 0 1025
4 1 0 1025
4 1 0 1025
4 1 0 1025
4 1 0 1025
4 1 0 1025
4 1 0 1025
4 1 0 1025
4 1 0 1025
4 1 0 1025
4 1 0 1025
4 1 0 1025
4 1 0 1025
4 1 0 1025
4 1 0 1025
4 1 0 1025
4 1 0 1025
4 1 0 1025
4 1 0 1025
4 1 0 1025
4 1 0 1025
4 1 0 1025
4 1 0 1025
4 1 0 1025
4 1 0 1025
4 1 0 1025
4 1 0 1025
4 1 0 1025
4 1 0 1025
4 1 0 1025
4 1 0 1025
4 1 0 1025
4 1 0 1025
4 1 0 1025
4 1 0 1025
4 1 0 1025
4 1 0 1025
4 1 0 1025
4 1 0 1025
4 1 0 1025
4 1 0 1025
4 1 0 1025
4 1 0 1025
4 1 0 1025
4 1 0 1025
4 1 0 1025
4 1 0 1025
4 1 0 1025
4 1 0 1025
4 1 0 1025
4 1 0 1025
4 1 0 1025
4 1 0 1025
4 1 0 1025
4 1 0 1025
4 1 0 1025
4 1 0 1025
4 1 0 1025
4 1 0 1025
4 1 0 1025
4 1 0 1025
4 1 0 1025
4 1 0 1025
4 1 0 1025
4 1 0 1025
4 1 0 1025
4 1 0 1025
4 1 0 1025
4 1 0 1025
4 1 0 1025
4 1 0 1025
4 1 0 1025
4 1 0 1025
4 1 0 1025
4 1 0 1025
4 1 0 1025
4 1 0 1025
4 1 0 1025
4 1 0 1025
4 1 0 1025
4 1 0 1025
4 1 0 1025
4 1 0 1025
4 1 0 1025
4 1 0 1025
4 1 0 1025
4 1 0 1025
4 1 0 1025
4 1 0 1025
4 1 0 1025
4 1 0 1025
4 1 0 1025
4 1 0 1025
4 1 0 1025
4 1 0 1025
4 1 0 1025
4 1 0 1025
4 1 0 1025
4 1 0 1025
4 1 0 1025
4 1 0 1025
4 1 0 1025
4 1 0 1025
4 1 0 1025
4 1 0 1025
4 1 0 1025
4 1 0 1025
4 1 0 1025
4 1 0 1025
4 1 0 1025
4 1 0 1025
4 1 0 1025
4 1 0 1025
4 1 0 1025
4 1 0 1025
4 1 0 1025
4 1 0 1025
4 1 0 1025
4 1 0 1025
4 1 0 1025
4 1 0 1025
4 1 0 1025
4 1 0 1025
4 1 0 1025
4 1 0 1025
4 1 0 1025
4 1 0 1025
4 1 0 1025
4 1 0 1025
4 1 0 1025
4 1 0 1025
4 1 0 1025
4 1 0 1025
4 1 0 1025
4 1 0 1025
4 1 0 1025
4 1 0 1025
4 1 0 1025
4 1 0 1025
4 1 0 1025
4 1 0 1025
4 1 0 1025
4 1 0 1025
4 1 0 1025
4 1 0 1025
4 1 0 1025
4 1 0 1025
4 1 0 1025
4 1 0 1025
4 1 0 1025
4 1 0 1025
4 1 0 1025
4 1 0 1025
4 1 0 1025
4 1 0 1025
4 1 0 1025
4 1 0 1025
4 1 0 1025
4 1 0 1025
4 1 0 1025
4 1 0 1025
4 1 0 1025
4 1 0 1025
4 1 0 1025
4 1 0 1025
4 1 0 1025
4 1 0 1025
4 1 0 1025
4 1 0 1025
4 1 0 1025
4 1 0 1025
4 1 0 1025
4 1 0 1025
4 1 0 1025
4 1 0 1025
4 1 0 1025
4 1 0 1025
4 1 0 1025
4 1 0 1025
4 1 0 1025
4 1 0 1025
4 1 0 1025
4 1 0 1025
4 1 0 1025
4 1 0 1025
4 1 0 1025
4 1 0 1025
4 1 0 1025
4 1 0 1025
4 1 0 1025
4 1 0 1025
4 1 0 1025
4 1 0 1025
4 1 0 1025
4 1 0 1025
4 1 0 1025
4 1 0 1025
4 1 0 1025
4 1 0 1025
4 1 0 1025
4 1 0 1025
4 1 0 1025
4 1 0 1025
4 1 0 1025
4 1 0 1025
4 1 0 1025
4 1 0 1025
4 1 0 1025
4 1 0 1025
4 1 0 1025
4 1 0 1025
4 1 0 1025
4 1 0 1025
4 1 0 1025
4 1 0 1025
4 1 0 1025
4 1 0 1025
4 1 0 1025
4 1 0 1025
4 1 0 1025
4 1 0 1025
4 1 0 1025
4 1 0 1025
4 1 0 1025
4 1 0 1025
4 1 0 1025
4 1 0 1025
4 1 0 1025
4 1 0 1025
4 1 0 1025
4 1 0 1025
4 1 0 1025
4 1 0 1025
4 1 0 1025
4 1 0 1025
4 1 0 1025
4 1 0 1025
4 1 0 1025
4 1 0 1025
4 1 0 1025
4 1 0 1025
4 1 0 1025
4 1 0 1025
4 1 0 1025
4 1 0 1025
4 1 0 1025
4 1 0 1025
4 1 0 1025
4 1 0 1025
4 1 0 1025
4 1 0 1025
4 1 0 1025
4 1 0 1025
4 1 0 1025
4 1 0 1025
4 1 0 1025
4 1 0 1025
4 1 0 1025
4 1 0 1025
4 1 0 1025
4 1 0 1025
4 1 0 1025
4 1 0 1025
4 1 0 1025
4 1 0 1025
4 1 0 1025
4 1 0 1025
4 1 0 1025
4 1 0 1025
4 1 0 1025
4 1 0 1025
4 1 0 1025
4 1 0 1025
4 1 0 1025
4 1 0 1025
4 1 0 1025
4 1 0 1025
4 1 0 1025
4 1 0 1025
4 1 0 1025
4 1 0 1025
4 1 0 1025
4 1 0 1025
4 1 0 1025
4 1 0 1025
4 1 0 1025
4 1 0 1025
4 1 0 1025
4 1 0 1025
4 1 0 1025
4 1 0 1025
4 1 0 1025
4 1 0 1025
4 1 0 1025
4 1 0 1025
4 1 0 1025
4 1 0 1025
4 1 0 1025
4 1 0 1025
4 1 0 1025
4 1 0 1025
4 1 0 1025
4 1 0 1025
4 1 0 1025
4 1 0 1025
4 1 0 1025
4 1 0 1025
4 1 0 1025
4 1 0 1025
4 1 0 1025
4 1 0 1025
4 1 0 1025
4 1 0 1025
4 1 0 1025
4 1 0 1025
4 1 0 1025
4 1 0 1025
4 1 0 1025
4 1 0 1025
4 1 0 1025
4 1 0 1025
4 1 0 1025
4 1 0 1025
4 1 0 1025
4 1 0 1025
4 1 0 1025
4 1 0 1025
4 1 0 1025
4 1 0 1025
4 1 0 1025
4 1 0 1025
4 1 0 1025
4 1 0 1025
4 1 0 1025
4 1 0 1025
4 1 0 1025
4 1 0 1025
4 1 0 1025
4 1 0 1025
4 1 0 1025
4 1 0 1025
4 1 0 1025
4 1 0 1025
4 1 0 1025
4 1 0 1025
4 1 0 1025
4 1 0 1025
4 1 0 1025
4 1 0 1025
4 1 0 1025
4 1 0 1025
4 1 0 1025
4 1 0 1025
4 1 0 1025
4 1 0 1025
4 1 0 1025
4 1 0 1025
4 1 0 1025
4 1 0 1025
4 1 0 1025
4 1 0 1025
4 1 0 1025
4 1 0 1025
4 1 0 1025
4 1 0 1025
4 1 0 1025
4 1 0 1025
4 1 0 1025
4 1 0 1025
4 1 0 1025
4 1 0 1025
4 1 0 1025
4 1 0 1025
4 1 0 1025
4 1 0 1025
4 1 0 1025
4 1 0 1025
4 1 0 1025
4 1 0 1025
4 1 0 1025
4 1 0 1025
4 1 0 1025
4 1 0 1025
4 1 0 1025
4 1 0 1025
4 1 0 1025
4 1 0 1025
4 1 0 1025
4 1 0 1025
4 1 0 1025
4 1 0 1025
4 1 0 1025
4 1 0 1025
4 1 0 1025
4 1 0 1025
4 1 0 1025
4 1 0 1025
4 1 0 1025
4 1 0 1025
4 1 0 1025
4 1 0 1025
4 1 0 1025
4 1 0 1025
4 1 0 1025
4 1 0 1025
4 1 0 1025
4 1 0 1025
4 1 0 1025
4 1 0 1025
4 1 0 1025
4 1 0 1025
4 1 0 1025
4 1 0 1025
4 1 0 1025
4 1 0 1025
4 1 0 1025
4 1 0 1025
4 1 0 1025
4 1 0 1025
4 1 0 1025
4 1 0 1025
4 1 0 1025
4 1 0 1025
4 1 0 1025
4 1 0 1025
4 1 0 1025
4 1 0 1025
4 1 0 1025
4 1 0 1025
4 1 0 1025
4 1 0 1025
4 1 0 1025
4 1 0 1025
4 1 0 1025
4 1 0 1025
4 1 0 1025
4 1 0 1025
4 1 0 1025
4 1 0 1025
4 1 0 1025
4 1 0 1025
4 1 0 1025
4 1 0 1025
4 1 0 1025
4 1 0 1025
4 1 0 1025
4 1 0 1025
4 1 0 1025
4 1 0 1025
4 1 0 1025
4 1 0 1025
4 1 0 1025
4 1 0 1025
4 1 0 1025
4 1 0 1025
4 1 0 1025
4 1 0 1025
4 1 0 1025
4 1 0 1025
4 1 0 1025
4 1 0 1025
4 1 0 1025
4 1 0 1025
4 1 0 1025
4 1 0 1025
4 1 0 1025
4 1 0 1025
4 1 0 1025
4 1 0 1025
4 1 0 1025
4 1 0 1025
4 1 0 1025
4 1 0 1025
4 1 0 1025
4 1 0 1025
4 1 0 1025
4 1 0 1025
4 1 0 1025
4 1 0 1025
4 1 0 1025
4 1 0 1025
4 1 0 1025
4 1 0 1025
4 1 0 1025
4 1 0 1025
4 1 0 1025
4 1 0 1025
4 1 0 1025
4 1 0 1025
4 1 0 1025
4 1 0 1025
4 1 0 1025
4 1 0 1025
4 1 0 1025
4 1 0 1025
4 1 0 1025
4 1 0 1025
4 1 0 1025
4 1 0 1025
4 1 0 1025
4 1 0 1025
4 1 0 1025
4 1 0 1025
4 1 0 1025
4 1 0 1025
4 1 0 1025
4 1 0 1025
4 1 0 1025
4 1 0 1025
4 1 0 1025
4 1 0 1025
4 1 0 1025
4 1 0 1025
4 1 0 1025
4 1 0 1025
4 1 0 1025
4 1 0 1025
4 1 0 1025
4 1 0 1025
4 1 0 1025
4 1 0 1025
4 1 0 1025
4 1 0 1025
4 1 0 1025
4 1 0 1025
4 1 0 1025
4 1 0 1025
4 1 0 1025
4 1 0 1025
4 1 0 1025
4 1 0 1025
4 1 0 1025
4 1 0 1025
4 1 0 1025
4 1 0 1025
4 1 0 1025
4 1 0 1025
4 1 0 1025
4 1 0 1025
4 1 0 1025
4 1 0 1025
4 1 0 1025
4 1 0 1025
4 1 0 1025
4 1 0 1025
4 1 0 1025
4 1 0 1025
4 1 0 1025
4 1 0 1025
4 1 0 1025
4 1 0 1025
4 1 0 1025
4 1 0 1025
4 1 0 1025
4 1 0 1025
4 1 0 1025
4 1 0 1025
4 1 0 1025
4 1 0 1025
4 1 0 1025
4 1 0 1025
4 1 0 1025
4 1 0 1025
4 1 0 1025
4 1 0 1025
4 1 0 1025
4 1 0 1025
4 1 0 1025
4 1 0 1025
4 1 0 1025
4 1 0 1025
4 1 0 1025
4 1 0 1025
4 1 0 1025
4 1 0 1025
4 1 0 1025
4 1 0 1025
4 1 0 1025
4 1 0 1025
4 1 0 1025
4 1 0 1025
4 1 0 1025
4 1 0 1025
4 1 0 1025
4 1 0 1025
4 1 0 1025
4 1 0 1025
4 1 0 1025
4 1 0 1025
4 1 0 1025
4 1 0 1025
4 1 0 1025
4 1 0 1025
4 1 0 1025
4 1 0 1025
4 1 0 1025
4 1 0 1025
4 1 0 1025
4 1 0 1025
4 1 0 1025
4 1 0 1025
4 1 0 1025
4 1 0 1025
4 1 0 1025
4 1 0 1025
4 1 0 1025
4 1 0 1025
4 1 0 1025
4 1 0 1025
4 1 0 1025
4 1 0 1025
4 1 0 1025
4 1 0 1025
4 1 0 1025
4 1 0 1025
4 1 0 1025
4 1 0 1025
4 1 0 1025
4 1 0 1025
4 1 0 1025
4 1 0 1025
4 1 0 1025
4 1 0 1025
4 1 0 1025
4 1 0 1025
4 1 0 1025
4 1 0 1025
4 1 0 1025
4 1 0 1025
4 1 0 1025
4 1 0 1025
4 1 0 1025
4 1 0 1025
4 1 0 1025
4 1 0 1025
4 1 0 1025
4 1 0 1025
4 1 0 1025
4 1 0 1025
4 1 0 1025
4 1 0 1025
4 1 0 1025
4 1 0 1025
4 1 0 1025
4 1 0 1025
4 1 0 1025
4 1 0 1025
4 1 0 1025
4 1 0 1025
4 1 0 1025
4 1 0 1025
4 1 0 1025
4 1 0 1025
4 1 0 1025
4 1 0 1025
4 1 0 1025
4 1 0 1025
4 1 0 1025
4 1 0 1025
4 1 0 1025
4 1 0 1025
4 1 0 1025
4 1 0 1025
4 1 0 1025
4 1 0 1025
4 1 0 1025
4 1 0 1025
4 1 0 1025
4 1 0 1025
4 1 0 1025
4 1 0 1025
4 1 0 1025
4 1 0 1025
4 1 0 1025
4 1 0 1025
4 1 0 1025
4 1 0 1025
4 1 0 1025
4 1 0 1025
4 1 0 1025
4 1 0 1025
4 1 0 1025
4 1 0 1025
4 1 0 1025
4 1 0 1025
4 1 0 1025
4 1 0 1025
4 1 0 1025
4 1 0 1025
4 1 0 1025
4 1 0 1025
4 1 0 1025
4 1 0 1025
4 1 0 1025
4 1 0 1025
4 1 0 1025
4 1 0 1025
4 1 0 1025
4 1 0 1025
4 1 0 1025
4 1 0 1025
4 1 0 1025
4 1 0 1025
4 1 0 1025
4 1 0 1025
4 1 0 1025
4 1 0 1025
4 1 0 1025
4 1 0 1025
4 1 0 1025
4 1 0 1025
4 1 0 1025
4 1 0 1025
4 1 0 1025
4 1 0 1025
4 1 0 1025
4 1 0 1025
4 1 0 1025
4 1 0 1025
4 1 0 1025
4 1 0 1025
4 1 0 1025
4 1 0 1025
4 1 0 1025
4 1 0 1025
4 1 0 1025
4 1 0 1025
4 1 0 1025
4 1 0 1025
4 1 0 1025
4 1 0 1025
4 1 0 1025
4 1 0 1025
4 1 0 1025
4 1 0 1025
4 1 0 1025
4 1 0 1025
4 1 0 1025
4 1 0 1025
4 1 0 1025
4 1 0 1025
4 1 0 1025
4 1 0 1025
4 1 0 1025
4 1 0 1025
4 1 0 1025
4 1 0 1025
4 1 0 1025
4 1 0 1025
4 1 0 1025
4 1 0 1025
4 1 0 1025
4 1 0 1025
4 1 0 1025
4 1 0 1025
4 1 0 1025
4 1 0 1025
4 1 0 1025
4 1 0 1025
4 1 0 1025
4 1 0 1025
4 1 0 1025
4 1 0 1025
4 1 0 1025
4 1 0 1025
4 1 0 1025
4 1 0 1025
4 1 0 1025
4 1 0 1025
4 1 0 1025
4 1 0 1025
4 1 0 1025
4 1 0 1025
4 1 0 1025
4 1 0 1025
4 1 0 1025
4 1 0 1025
4 1 0 1025
4 1 0 1025
4 1 0 1025
4 1 0 1025
4 1 0 1025
4 1 0 1025
4 1 0 1025
4 1 0 1025
4 1 0 1025
4 1 0 1025
4 1 0 1025
4 1 0 1025
4 1 0 1025
4 1 0 1025
4 1 0 1025
4 1 0 1025
4 1 0 1025
4 1 0 1025
4 1 0 1025
4 1 0 1025
4 1 0 1025
4 1 0 1025
4 1 0 1025
4 1 0 1025
4 1 0 1025
4 1 0 1025
4 1 0 1025
4 1 0 1025
4 1 0 1025
4 1 0 1025
4 1 0 1025
4 1 0 1025
4 1 0 1025
4 1 0 1025
4 1 0 1025
4 1 0 1025
4 1 0 1025
4 1 0 1025
4 1 0 1025
4 1 0 1025
4 1 0 1025
4 1 0 1025
4 1 0 1025
4 1 0 1025
4 1 0 1025
4 1 0 1025
4 1 0 1025
4 1 0 1025
4 1 0 1025
4 1 0 1025
4 1 0 1025
4 1 0 1025
4 1 0 1025
4 1 0 1025
4 1 0 1025
4 1 0 1025
4 1 0 1025
4 1 0 1025
4 1 0 1025
4 1 0 1025
4 1 0 1025
4 1 0 1025
4 1 0 1025
4 1 0 1025
4 1 0 1025
4 1 0 1025
4 1 0 1025
4 1 0 1025
4 1 0 1025
4 1 0 1025
4 1 0 1025
4 1 0 1025
4 1 0 1025
4 1 0 1025
4 1 0 1025
4 1 0 1025
4 1 0 1025
4 1 0 1025
4 1 0 1025
4 1 0 1025
4 1 0 1025
4 1 0 1025
4 1 0 1025
4 1 0 1025
4 1 0 1025
4 1 0 1025
4 1 0 1025
4 1 0 1025
4 1 0 1025
4 1 0 1025
4 1 0 1025
4 1 0 1025
4 1 0 1025
4 1 0 1025
4 1 0 1025
4 1 0 1025
4 1 0 1025
4 1 0 1025
4 1 0 1025
4 1 0 1025
4 1 0 1025
4 1 0 1025
4 1 0 1025
4 1 0 1025
4 1 0 1025
4 1 0 1025
4 1 0 1025
4 1 0 1025
4 1 0 1025
4 1 0 1025
4 1 0 1025
4 1 0 1025
4 1 0 1025
4 1 0 1025
4 1 0 1025
4 1 0 1025
4 1 0 1025
4 1 0 1025
4 1 0 1025
4 1 0 1025
4 1 0 1025
4 1 0 1025
4 1 0 1025
4 1 0 1025
4 1 0 1025
4 1 0 1025
4 1 0 1025
4 1 0 1025
4 1 0 1025
4 1 0 1025
4 1 0 1025
4 1 0 1025
4 1 0 1025
4 1 0 1025
4 1 0 1025
4 1 0 1025
4 1 0 1025
4 1 0 1025
4 1 0 1025
4 1 0 1025
4 1 0 1025
4 1 0 1025
4 1 0 1025
4 1 0 1025
4 1 0 1025
4 1 0 1025
4 1 0 1025
4 1 0 1025
4 1 0 1025
4 1 0 1025
4 1 0 1025
4 1 0 1025
4 1 0 1025
4 1 0 1025
4 1 0 1025
4 1 0 1025
4 1 0 1025
4 1 0 1025
4 1 0 1025
4 1 0 1025
4 1 0 1025
4 1 0 1025
4 1 0 1025
4 1 0 1025
4 1 0 1025
4 1 0 1025
4 1 0 1025
4 1 0 1025
4 1 0 1025
4 1 0 1025
4 1 0 1025
4 1 0 1025
4 1 0 1025
4 1 0 1025
4 1 0 1025
4 1 0 1025
4 1 0 1025
4 1 0 1025
4 1 0 1025
4 1 0 1025
4 1 0 1025
4 1 0 1025
4 1 0 1025
4 1 0 1025
4 1 0 1025
4 1 0 1025
4 1 0 1025
4 1 0 1025
4 1 0 1025
4 1 0 1025
4 1 0 1025
4 1 0 1025
4 1 0 1025
4 1 0 1025
4 1 0 1025
4 1 0 1025
4 1 0 1025
4 1 0 1025
4 1 0 1025
4 1 0 1025
4 1 0 1025
4 1 0 1025
4 1 0 1025
4 1 0 1025
4 1 0 1025
4 1 0 1025
4 1 0 1025
4 1 0 1025
4 1 0 1025
4 1 0 1025
4 1 0 1025
4 1 0 1025
4 1 0 1025
4 1 0 1025
4 1 0 1025
4 1 0 1025
4 1 0 1025
4 1 0 1025
4 1 0 1025
4 1 0 1025
4 1 0 1025
4 1 0 1025
4 1 0 1025
4 1 0 1025
4 1 0 1025
4 1 0 1025
4 1 0 1025
4 1 0 1025
4 1 0 1025
4 1 0 1025
4 1 0 1025
4 1 0 1025
4 1 0 1025
4 1 0 1025
4 1 0 1025
4 1 0 1025
4 1 0 1025
4 1 0 1025
4 1 0 1025
4 1 0 1025
4 1 0 1025
4 1 0 1025
4 1 0 1025
4 1 0 1025
4 1 0 1025
4 1 0 1025
4 1 0 1025
4 1 0 1025
4 1 0 1025
4 1 0 1025
4 1 0 1025
4 1 0 1025
4 1 0 1025
4 1 0 1025
4 1 0 1025
4 1 0 1025
4 1 0 1025
4 1 0 1025
4 1 0 1025
4 1 0 1025
4 1 0 1025
4 1 0 1025
4 1 0 1025
4 1 0 1025
4 1 0 1025
4 1 0 1025
4 1 0 1025
4 1 0 1025
4 1 0 1025
4 1 0 1025
4 1 0 1025
4 1 0 1025
4 1 0 1025
4 1 0 1025
4 1 0 1025
4 1 0 1025
4 1 0 1025
4 1 0 1025
4 1 0 1025
4 1 0 1025
4 1 0 1025
4 1 0 1025
4 1 0 1025
4 1 0 1025
4 1 0 1025
4 1 0 1025
4 1 0 1025
4 1 0 1025
4 1 0 1025
4 1 0 1025
4 1 0 1025
4 1 0 1025
4 1 0 1025
4 1 0 1025
4 1 0 1025
4 1 0 1025
4 1 0 1025
4 1 0 1025
4 1 0 1025
4 1 0 1025
4 1 0 1025
4 1 0 1025
4 1 0 1025
4 1 0 1025
4 1 0 1025
4 1 0 1025
4 1 0 1025
4 1 0 1025
4 1 0 1025
4 1 0 1025
4 1 0 1025
4 1 0 1025
4 1 0 1025
4 1 0 1025
4 1 0 1025
4 1 0 1025
4 1 0 1025
4 1 0 1025
4 1 0 1025
4 1 0 1025
4 1 0 1025
4 1 0 1025
4 1 0 1025
4 1 0 1025
4 1 0 1025
4 1 0 1025
4 1 0 1025
4 1 0 1025
4 1 0 1025
4 1 0 1025
4 1 0 1025
4 1 0 1025
4 1 0 1025
4 1 0 1025
4 1 0 1025
4 1 0 1025
4 1 0 1025
4 1 0 1025
4 1 0 1025
4 1 0 1025
4 1 0 1025
4 1 0 1025
4 1 0 1025
4 1 0 1025
4 1 0 1025
4 1 0 1025
4 1 0 1025
4 1 0 1025
4 1 0 1025
4 1 0 1025
4 1 0 1025
4 1 0 1025
4 1 0 1025
4 1 0 1025
4 1 0 1025
4 1 0 1025
4 1 0 1025
4 1 0 1025
4 1 0 1025
4 1 0 1025
4 1 0 1025
4 1 0 1025
4 1 0 1025
4 1 0 1025
4 1 0 1025
4 1 0 1025
4 1 0 1025
4 1 0 1025
4 1 0 1025
4 1 0 1025
4 1 0 1025
4 1 0 1025
4 1 0 1025
4 1 0 1025
4 1 0 1025
4 1 0 1025
4 1 0 1025
4 1 0 1025
4 1 0 1025
4 1 0 1025
4 1 0 1025
4 1 0 1025
4 1 0 1025
4 1 0 1025
4 1 0 1025
4 1 0 1025
4 1 0 1025
4 1 0 1025
4 1 0 1025
4 1 0 1025
4 1 0 1025
4 1 0 1025
4 1 0 1025
4 1 0 1025
4 1 0 1025
4 1 0 1025
4 1 0 1025
4 1 0 1025
4 1 0 1025
4 1 0 1025
4 1 0 1025
4 1 0 1025
4 1 0 1025
4 1 0 1025
4 1 0 1025
4 1 0 1025
4 1 0 1025
4 1 0 1025
4 1 0 1025
4 1 0 1025
4 1 0 1025
4 1 0 1025
4 1 0 1025
4 1 0 1025
4 1 0 1025
4 1 0 1025
4 1 0 1025
4 1 0 1025
4 1 0 1025
4 1 0 1025
4 1 0 1025
4 1 0 1025
4 1 0 1025
4 1 0 1025
4 1 0 1025
4 1 0 1025
4 1 0 1025
4 1 0 1025
4 1 0 1025
4 1 0 1025
4 1 0 1025
4 1 0 1025
4 1 0 1025
4 1 0 1025
4 1 0 1025
4 1 0 1025
4 1 0 1025
4 1 0 1025
4 1 0 1025
4 1 0 1025
4 1 0 1025
4 1 0 1025
4 1 0 1025
4 1 0 1025
4 1 0 1025
4 1 0 1025
4 1 0 1025
4 1 0 1025
4 1 0 1025
4 1 0 1025
4 1 0 1025
4 1 0 1025
4 1 0 1025
4 1 0 1025
4 1 0 1025
4 1 0 1025
4 1 0 1025
4 1 0 1025
4 1 0 1025
4 1 0 1025
4 1 0 1025
4 1 0 1025
4 1 0 1025
4 1 0 1025
4 1 0 1025
4 1 0 1025
4 1 0 1025
4 1 0 1025
4 1 0 1025
4 1 0 1025
4 1 0 1025
4 1 0 1025
4 1 0 1025
4 1 0 1025
4 1 0 1025
4 1 0 1025
4 1 0 1025
4 1 0 1025
4 1 0 1025
4 1 0 1025
4 1 0 1025
4 1 0 1025
4 1 0 1025
4 1 0 1025
4 1 0 1025
4 1 0 1025
4 1 0 1025
4 1 0 1025
4 1 0 1025
4 1 0 1025
4 1 0 1025
4 1 0 1025
4 1 0 1025
4 1 0 1025
4 1 0 1025
4 1 0 1025
4 1 0 1025
4 1 0 1025
4 1 0 1025
4 1 0 1025
4 1 0 1025
4 1 0 1025
4 1 0 1025
4 1 0 1025
4 1 0 1025
4 1 0 1025
4 1 0 1025
4 1 0 1025
4 1 0 1025
4 1 0 1025
4 1 0 1025
4 1 0 1025
4 1 0 1025
4 1 0 1025
4 1 0 1025
4 1 0 1025
4 1 0 1025
4 1 0 1025
4 1 0 1025
4 1 0 1025
4 1 0 1025
4 1 0 1025
4 1 0 1025
4 1 0 1025
4 1 0 1025
4 1 0 1025
4 1 0 1025
4 1 0 1025
4 1 0 1025
4 1 0 1025
4 1 0 1025
4 1 0 1025
4 1 0 1025
4 1 0 1025
4 1 0 1025
4 1 0 1025
4 1 0 1025
4 1 0 1025
4 1 0 1025
4 1 0 1025
4 1 0 1025
4 1 0 1025
4 1 0 1025
4 1 0 1025
4 1 0 1025
4 1 0 1025
4 1 0 1025
4 1 0 1025
4 1 0 1025
4 1 0 1025
4 1 0 1025
4 1 0 1025
4 1 0 1025
4 1 0 1025
4 1 0 1025
4 1 0 1025
4 1 0 1025
4 1 0 1025
4 1 0 1025
4 1 0 1025
4 1 0 1025
4 1 0 1025
4 1 0 1025
4 1 0 1025
4 1 0 1025
4 1 0 1025
4 1 0 1025
4 1 0 1025
4 1 0 1025
4 1 0 1025
4 1 0 1025
4 1 0 1025
4 1 0 1025
4 1 0 1025
4 1 0 1025
4 1 0 1025
4 1 0 1025
4 1 0 1025
4 1 0 1025
4 1 0 1025
4 1 0 1025
4 1 0 1025
4 1 0 1025
4 1 0 1025
4 1 0 1025
4 1 0 1025
4 1 0 1025
4 1 0 1025
4 1 0 1025
4 1 0 1025
4 1 0 1025
4 1 0 1025
4 1 0 1025
4 1 0 1025
4 1 0 1025
4 1 0 1025
4 1 0 1025
4 1 0 1025
4 1 0 1025
4 1 0 1025
4 1 0 1025
4 1 0 1025
4 1 0 1025
4 1 0 1025
4 1 0 1025
4 1 0 1025
4 1 0 1025
4 1 0 1025
4 1 0 1025
4 1 0 1025
4 1 0 1025
4 1 0 1025
4 1 0 1025
4 1 0 1025
4 1 0 1025
4 1 0 1025
4 1 0 1025
4 1 0 1025
4 1 0 1025
4 1 0 1025
4 1 0 1025
4 1 0 1025
4 1 0 1025
4 1 0 1025
4 1 0 1025
4 1 0 1025
4 1 0 1025
4 1 0 1025
4 1 0 1025
4 1 0 1025
4 1 0 1025
4 1 0 1025
4 1 0 1025
4 1 0 1025
4 1 0 1025
4 1 0 1025
4 1 0 1025
4 1 0 1025
4 1 0 1025
4 1 0 1025
4 1 0 1025
4 1 0 1025
4 1 0 1025
4 1 0 1025
4 1 0 1025
4 1 0 1025
4 1 0 1025
4 1 0 1025
4 1 0 1025
4 1 0 1025
4 1 0 1025
4 1 0 1025
4 1 0 1025
4 1 0 1025
4 1 0 1025
4 1 0 1025
4 1 0 1025
4 1 0 1025
4 1 0 1025
4 1 0 1025
4 1 0 1025
4 1 0 1025
4 1 0 1025
4 1 0 1025
4 1 0 1025
4 1 0 1025
4 1 0 1025
4 1 0 1025
4 1 0 1025
4 1 0 1025
4 1 0 1025
4 1 0 1025
4 1 0 1025
4 1 0 1025
4 1 0 1025
4 1 0 1025
4 1 0 1025
4 1 0 1025
4 1 0 1025
4 1 0 1025
4 1 0 1025
4 1 0 1025
4 1 0 1025
4 1 0 1025
4 1 0 1025
4 1 0 1025
4 1 0 1025
4 1 0 1025
4 1 0 1025
4 1 0 1025
4 1 0 1025
4 1 0 1025
4 1 0 1025
4 1 0 1025
4 1 0 1025
4 1 0 1025
4 1 0 1025
4 1 0 1025
4 1 0 1025
4 1 0 1025
4 1 0 1025
4 1 0 1025
4 1 0 1025
4 1 0 1025
4 1 0 1025
4 1 0 1025
4 1 0 1025
4 1 0 1025
4 1 0 1025
4 1 0 1025
4 1 0 1025
4 1 0 1025
4 1 0 1025
4 1 0 1025
4 1 0 1025
4 1 0 1025
4 1 0 1025
4 1 0 1025
4 1 0 1025
4 1 0 1025
4 1 0 1025
4 1 0 1025
4 1 0 1025
4 1 0 1025
4 1 0 1025
4 1 0 1025
4 1 0 1025
4 1 0 1025
4 1 0 1025
4 1 0 1025
4 1 0 1025
4 1 0 1025
4 1 0 1025
4 1 0 1025
4 1 0 1025
4 1 0 1025
4 1 0 1025
4 1 0 1025
4 1 0 1025
4 1 0 1025
4 1 0 1025
4 1 0 1025
4 1 0 1025
4 1 0 1025
4 1 0 1025
4 1 0 1025
4 1 0 1025
4 1 0 1025
4 1 0 1025
4 1 0 1025
4 1 0 1025
4 1 0 1025
4 1 0 1025
4 1 0 1025
4 1 0 1025
4 1 0 1025
4 1 0 1025
4 1 0 1025
4 1 0 1025
4 1 0 1025
4 1 0 1025
4 1 0 1025
4 1 0 1025
4 1 0 1025
4 1 0 1025
4 1 0 1025
4 1 0 1025
4 1 0 1025
4 1 0 1025
4 1 0 1025
4 1 0 1025
4 1 0 1025
4 1 0 1025
4 1 0 1025
4 1 0 1025
4 1 0 1025
4 1 0 1025
4 1 0 1025
4 1 0 1025
4 1 0 1025
4 1 0 1025
4 1 0 1025
4 1 0 1025
4 1 0 1025
4 1 0 1025
4 1 0 1025
4 1 0 1025
4 1 0 1025
4 1 0 1025
4 1 0 1025
4 1 0 1025
4 1 0 1025
4 1 0 1025
4 1 0 1025
4 1 0 1025
4 1 0 1025
4 1 0 1025
4 1 0 1025
4 1 0 1025
4 1 0 1025
4 1 0 1025
4 1 0 1025
4 1 0 1025
4 1 0 1025
4 1 0 1025
4 1 0 1025
4 1 0 1025
4 1 0 1025
4 1 0 1025
4 1 0 1025
4 1 0 1025
4 1 0 1025
4 1 0 1025
4 1 0 1025
4 1 0 1025
4 1 0 1025
4 1 0 1025
4 1 0 1025
4 1 0 1025
4 1 0 1025
4 1 0 1025
4 1 0 1025
4 1 0 1025
4 1 0 1025
4 1 0 1025
4 1 0 1025
4 1 0 1025
4 1 0 1025
4 1 0 1025
4 1 0 1025
4 1 0 1025
4 1 0 1025
4 1 0 1025
4 1 0 1025
4 1 0 1025
4 1 0 1025
4 1 0 1025
4 1 0 1025
4 1 0 1025
4 1 0 1025
4 1 0 1025
4 1 0 1025
4 1 0 1025
4 1 0 1025
4 1 0 1025
4 1 0 1025
4 1 0 1025
4 1 0 1025
4 1 0 1025
4 1 0 1025
4 1 0 1025
4 1 0 1025
4 1 0 1025
4 1 0 1025
4 1 0 1025
4 1 0 1025
4 1 0 1025
4 1 0 1025
4 1 0 1025
4 1 0 1025
4 1 0 1025
4 1 0 1025
4 1 0 1025
4 1 0 1025
4 1 0 1025
4 1 0 1025
4 1 0 1025
4 1 0 1025
4 1 0 1025
4 1 0 1025
4 1 0 1025
4 1 0 1025
4 1 0 1025
4 1 0 1025
4 1 0 1025
4 1 0 1025
4 1 0 1025
4 1 0 1025
4 1 0 1025
4 1 0 1025
4 1 0 1025
4 1 0 1025
4 1 0 1025
4 1 0 1025
4 1 0 1025
4 1 0 1025
4 1 0 1025
4 1 0 1025
4 1 0 1025
4 1 0 1025
4 1 0 1025
4 1 0 1025
4 1 0 1025
4 1 0 1025
4 1 0 1025
4 1 0 1025
4 1 0 1025
4 1 0 1025
4 1 0 1025
4 1 0 1025
4 1 0 1025
4 1 0 1025
4 1 0 1025
4 1 0 1025
4 1 0 1025
4 1 0 1025
4 1 0 1025
4 1 0 1025
4 1 0 1025
4 1 0 1025
4 1 0 1025
4 1 0 1025
4 1 0 1025
4 1 0 1025
4 1 0 1025
4 1 0 1025
4 1 0 1025
4 1 0 1025
4 1 0 1025
4 1 0 1025
4 1 0 1025
4 1 0 1025
4 1 0 1025
4 1 0 1025
4 1 0 1025
4 1 0 1025
4 1 0 1025
4 1 0 1025
4 1 0 1025
4 1 0 1025
4 1 0 1025
4 1 0 1025
4 1 0 1025
4 1 0 1025
4 1 0 1025
4 1 0 1025
4 1 0 1025
4 1 0 1025
4 1 0 1025
4 1 0 1025
4 1 0 1025
4 1 0 1025
4 1 0 1025
4 1 0 1025
4 1 0 1025
4 1 0 1025
4 1 0 1025
4 1 0 1025
4 1 0 1025
4 1 0 1025
4 1 0 1025
4 1 0 1025
4 1 0 1025
4 1 0 1025
4 1 0 1025
4 1 0 1025
4 1 0 1025
4 1 0 1025
4 1 0 1025
4 1 0 1025
4 1 0 1025
4 1 0 1025
4 1 0 1025
4 1 0 1025
4 1 0 1025
4 1 0 1025
4 1 0 1025
4 1 0 1025
4 1 0 1025
4 1 0 1025
4 1 0 1025
4 1 0 1025
4 1 0 1025
4 1 0 1025
4 1 0 1025
4 1 0 1025
4 1 0 1025
4 1 0 1025
4 1 0 1025
4 1 0 1025
4 1 0 1025
4 1 0 1025
4 1 0 1025
4 1 0 1025
4 1 0 1025
4 1 0 1025
4 1 0 1025
4 1 0 1025
4 1 0 1025
4 1 0 1025
4 1 0 1025
4 1 0 1025
4 1 0 1025
4 1 0 1025
4 1 0 1025
4 1 0 1025
4 1 0 1025
4 1 0 1025
4 1 0 1025
4 1 0 1025
4 1 0 1025
4 1 0 1025
4 1 0 1025
4 1 0 1025
4 1 0 1025
4 1 0 1025
4 1 0 1025
4 1 0 1025
4 1 0 1025
4 1 0 1025
4 1 0 1025
4 1 0 1025
4 1 0 1025
4 1 0 1025
4 1 0 1025
4 1 0 1025
4 1 0 1025
4 1 0 1025
4 1 0 1025
4 1 0 1025
4 1 0 1025
4 1 0 1025
4 1 0 1025
4 1 0 1025
4 1 0 1025
4 1 0 1025
4 1 0 1025
4 1 0 1025
4 1 0 1025
4 1 0 1025
4 1 0 1025
4 1 0 1025
4 1 0 1025
4 1 0 1025
4 1 0 1025
4 1 0 1025
4 1 0 1025
4 1 0 1025
4 1 0 1025
4 1 0 1025
4 1 0 1025
4 1 0 1025
4 1 0 1025
4 1 0 1025
4 1 0 1025
4 1 0 1025
4 1 0 1025
4 1 0 1025
4 1 0 1025
4 1 0 1025
4 1 0 1025
4 1 0 1025
4 1 0 1025
4 1 0 1025
4 1 0 1025
4 1 0 1025
4 1 0 1025
4 1 0 1025
4 1 0 1025
4 1 0 1025
4 1 0 1025
4 1 0 1025
4 1 0 1025
4 1 0 1025
4 1 0 1025
4 1 0 1025
4 1 0 1025
4 1 0 1025
4 1 0 1025
4 1 0 1025
4 1 0 1025
4 1 0 1025
4 1 0 1025
4 1 0 1025
4 1 0 1025
4 1 0 1025
4 1 0 1025
4 1 0 1025
4 1 0 1025
4 1 0 1025
4 1 0 1025
4 1 0 1025
4 1 0 1025
4 1 0 1025
4 1 0 1025
4 1 0 1025
4 1 0 1025
4 1 0 1025
4 1 0 1025
4 1 0 1025
4 1 0 1025
4 1 0 1025
4 1 0 1025
4 1 0 1025
4 1 0 1025
4 1 0 1025
4 1 0 1025
4 1 0 1025
4 1 0 1025
4 1 0 1025
4 1 0 1025
4 1 0 1025
4 1 0 1025
4 1 0 1025
4 1 0 1025
4 1 0 1025
4 1 0 1025
4 1 0 1025
4 1 0 1025
4 1 0 1025
4 1 0 1025
4 1 0 1025
4 1 0 1025
4 1 0 1025
4 1 0 1025
4 1 0 1025
4 1 0 1025
4 1 0 1025
4 1 0 1025
4 1 0 1025
4 1 0 1025
4 1 0 1025
4 1 0 1025
4 1 0 1025
4 1 0 1025
4 1 0 1025
4 1 0 1025
4 1 0 1025
4 1 0 1025
4 1 0 1025
4 1 0 1025
4 1 0 1025
4 1 0 1025
4 1 0 1025
4 1 0 1025
4 1 0 1025
4 1 0 1025
4 1 0 1025
4 1 0 1025
4 1 0 1025
4 1 0 1025
4 1 0 1025
4 1 0 1025
4 1 0 1025
4 1 0 1025
4 1 0 1025
4 1 0 1025
4 1 0 1025
4 1 0 1025
4 1 0 1025
4 1 0 1025
4 1 0 1025
4 1 0 1025
4 1 0 1025
4 1 0 1025
4 1 0 1025
4 1 0 1025
4 1 0 1025
4 1 0 1025
4 1 0 1025
4 1 0 1025
4 1 0 1025
4 1 0 1025
4 1 0 1025
4 1 0 1025
4 1 0 1025
4 1 0 1025
4 1 0 1025
4 1 0 1025
4 1 0 1025
4 1 0 1025
4 1 0 1025
4 1 0 1025
4 1 0 1025
4 1 0 1025
4 1 0 1025
4 1 0 1025
4 1 0 1025
4 1 0 1025
4 1 0 1025
4 1 0 1025
4 1 0 1025
4 1 0 1025
4 1 0 1025
4 1 0 1025
4 1 0 1025
4 1 0 1025
4 1 0 1025
4 1 0 1025
4 1 0 1025
4 1 0 1025
4 1 0 1025
4 1 0 1025
4 1 0 1025
4 1 0 1025
4 1 0 1025
4 1 0 1025
4 1 0 1025
4 1 0 1025
4 1 0 1025
4 1 0 1025
4 1 0 1025
4 1 0 1025
4 1 0 1025
4 1 0 1025
4 1 0 1025
4 1 0 1025
4 1 0 1025
4 1 0 1025
4 1 0 1025
4 1 0 1025
4 1 0 1025
4 1 0 1025
4 1 0 1025
4 1 0 1025
4 1 0 1025
4 1 0 1025
4 1 0 1025
4 1 0 1025
4 1 0 1025
4 1 0 1025
4 1 0 1025
4 1 0 1025
4 1 0 1025
4 1 0 1025
4 1 0 1025
4 1 0 1025
4 1 0 1025
4 1 0 1025
4 1 0 1025
4 1 0 1025
4 1 0 1025
4 1 0 1025
4 1 0 1025
4 1 0 1025
4 1 0 1025
4 1 0 1025
4 1 0 1025
4 1 0 1025
4 1 0 1025
4 1 0 1025
4 1 0 1025
4 1 0 1025
4 1 0 1025
4 1 0 1025
4 1 0 1025
4 1 0 1025
4 1 0 1025
4 1 0 1025
4 1 0 1025
4 1 0 1025
4 1 0 1025
4 1 0 1025
4 1 0 1025
4 1 0 1025
4 1 0 1025
4 1 0 1025
4 1 0 1025
4 1 0 1025
4 1 0 1025
4 1 0 1025
4 1 0 1025
4 1 0 1025
4 1 0 1025
4 1 0 1025
4 1 0 1025
4 1 0 1025
4 1 0 1025
4 1 0 1025
4 1 0 1025
4 1 0 1025
4 1 0 1025
4 1 0 1025
4 1 0 1025
4 1 0 1025
4 1 0 1025
4 1 0 1025
4 1 0 1025
4 1 0 1025
4 1 0 1025
4 1 0 1025
4 1 0 1025
4 1 0 1025
4 1 0 1025
4 1 0 1025
4 1 0 1025
4 1 0 1025
4 1 0 1025
4 1 0 1025
4 1 0 1025
4 1 0 1025
4 1 0 1025
4 1 0 1025
4 1 0 1025
4 1 0 1025
4 1 0 1025
4 1 0 1025
4 1 0 1025
4 1 0 1025
4 1 0 1025
4 1 0 1025
4 1 0 1025
4 1 0 1025
4 1 0 1025
4 1 0 1025
4 1 0 1025
4 1 0 1025
4 1 0 1025
4 1 0 1025
4 1 0 1025
4 1 0 1025
4 1 0 1025
4 1 0 1025
4 1 0 1025
4 1 0 1025
4 1 0 1025
4 1 0 1025
4 1 0 1025
4 1 0 1025
4 1 0 1025
4 1 0 1025
4 1 0 1025
4 1 0 1025
4 1 0 1025
4 1 0 1025
4 1 0 1025
4 1 0 1025
4 1 0 1025
4 1 0 1025
4 1 0 1025
4 1 0 1025
4 1 0 1025
4 1 0 1025
4 1 0 1025
4 1 0 1025
4 1 0 1025
4 1 0 1025
4 1 0 1025
4 1 0 1025
4 1 0 1025
4 1 0 1025
4 1 0 1025
4 1 0 1025
4 1 0 1025
4 1 0 1025
4 1 0 1025
4 1 0 1025
4 1 0 1025
4 1 0 1025
4 1 0 1025
4 1 0 1025
4 1 0 1025
4 1 0 1025
4 1 0 1025
4 1 0 1025
4 1 0 1025
4 1 0 1025
4 1 0 1025
4 1 0 1025
4 1 0 1025
4 1 0 1025
4 1 0 1025
4 1 0 1025
4 1 0 1025
4 1 0 1025
4 1 0 1025
4 1 0 1025
4 1 0 1025
4 1 0 1025
4 1 0 1025
4 1 0 1025
4 1 0 1025
4 1 0 1025
4 1 0 1025
4 1 0 1025
4 1 0 1025
4 1 0 1025
4 1 0 1025
4 1 0 1025
4 1 0 1025
4 1 0 1025
4 1 0 1025
4 1 0 1025
4 1 0 1025
4 1 0 1025
4 1 0 1025
4 1 0 1025
4 1 0 1025
4 1 0 1025
4 1 0 1025
4 1 0 1025
4 1 0 1025
4 1 0 1025
4 1 0 1025
4 1 0 1025
4 1 0 1025
4 1 0 1025
4 1 0 1025
4 1 0 1025
4 1 0 1025
4 1 0 1025
4 1 0 1025
4 1 0 1025
4 1 0 1025
4 1 0 1025
4 1 0 1025
4 1 0 1025
4 1 0 1025
4 1 0 1025
4 1 0 1025
4 1 0 1025
4 1 0 1025
4 1 0 1025
4 1 0 1025
4 1 0 1025
4 1 0 1025
4 1 0 1025
4 1 0 1025
4 1 0 1025
4 1 0 1025
4 1 0 1025
4 1 0 1025
4 1 0 1025
4 1 0 1025
4 1 0 1025
4 1 0 1025
4 1 0 1025
4 1 0 1025
4 1 0 1025
4 1 0 1025
4 1 0 1025
4 1 0 1025
4 1 0 1025
4 1 0 1025
4 1 0 1025
4 1 0 1025
4 1 0 1025
4 1 0 1025
4 1 0 1025
4 1 0 1025
4 1 0 1025
4 1 0 1025
4 1 0 1025
4 1 0 1025
4 1 0 1025
4 1 0 1025
4 1 0 1025
4 1 0 1025
4 1 0 1025
4 1 0 1025
4 1 0 1025
4 1 0 1025
4 1 0 1025
4 1 0 1025
4 1 0 1025
4 1 0 1025
4 1 0 1025
4 1 0 1025
4 1 0 1025
4 1 0 1025
4 1 0 1025
4 1 0 1025
4 1 0 1025
4 1 0 1025
4 1 0 1025
4 1 0 1025
4 1 0 1025
4 1 0 1025
4 1 0 1025
4 1 0 1025
4 1 0 1025
4 1 0 1025
4 1 0 1025
4 1 0 1025
4 1 0 1025
4 1 0 1025
4 1 0 1025
4 1 0 1025
4 1 0 1025
4 1 0 1025
4 1 0 1025
4 1 0 1025
4 1 0 1025
4 1 0 1025
4 1 0 1025
4 1 0 1025
4 1 0 1025
4 1 0 1025
4 1 0 1025
4 1 0 1025
4 1 0 1025
4 1 0 1025
4 1 0 1025
4 1 0 1025
4 1 0 1025
4 1 0 1025
4 1 0 1025
4 1 0 1025
4 1 0 1025
4 1 0 1025
4 1 0 1025
4 1 0 1025
4 1 0 1025
4 1 0 1025
4 1 0 1025
4 1 0 1025
4 1 0 1025
4 1 0 1025
4 1 0 1025
4 1 0 1025
4 1 0 1025
4 1 0 1025
4 1 0 1025
4 1 0 1025
4 1 0 1025
4 1 0 1025
4 1 0 1025
4 1 0 1025
4 1 0 1025
4 1 0 1025
4 1 0 1025
4 1 0 1025
4 1 0 1025
4 1 0 1025
4 1 0 1025
4 1 0 1025
4 1 0 1025
4 1 0 1025
4 1 0 1025
4 1 0 1025
4 1 0 1025
4 1 0 1025
4 1 0 1025
4 1 0 1025
4 1 0 1025
4 1 0 1025
4 1 0 1025
4 1 0 1025
4 1 0 1025
4 1 0 1025
4 1 0 1025
4 1 0 1025
4 1 0 1025
4 1 0 1025
4 1 0 1025
4 1 0 1025
4 1 0 1025
4 1 0 1025
4 1 0 1025
4 1 0 1025
4 1 0 1025
4 1 0 1025
4 1 0 1025
4 1 0 1025
4 1 0 1025
4 1 0 1025
4 1 0 1025
4 1 0 1025
4 1 0 1025
4 1 0 1025
4 1 0 1025
4 1 0 1025
4 1 0 1025
4 1 0 1025
4 1 0 1025
4 1 0 1025
4 1 0 1025
4 1 0 1025
4 1 0 1025
4 1 0 1025
4 1 0 1025
4 1 0 1025
4 1 0 1025
4 1 0 1025
4 1 0 1025
4 1 0 1025
4 1 0 1025
4 1 0 1025
4 1 0 1025
4 1 0 1025
4 1 0 1025
4 1 0 1025
4 1 0 1025
4 1 0 1025
4 1 0 1025
4 1 0 1025
4 1 0 1025
4 1 0 1025
4 1 0 1025
4 1 0 1025
4 1 0 1025
4 1 0 1025
4 1 0 1025
4 1 0 1025
4 1 0 1025
4 1 0 1025
4 1 0 1025
4 1 0 1025
4 1 0 1025
4 1 0 1025
4 1 0 1025
4 1 0 1025
4 1 0 1025
4 1 0 1025
4 1 0 1025
4 1 0 1025
4 1 0 1025
4 1 0 1025
4 1 0 1025
4 1 0 1025
4 1 0 1025
4 1 0 1025
4 1 0 1025
4 1 0 1025
4 1 0 1025
4 1 0 1025
4 1 0 1025
4 1 0 1025
4 1 0 1025
4 1 0 1025
4 1 0 1025
4 1 0 1025
4 1 0 1025
4 1 0 1025
4 1 0 1025
4 1 0 1025
4 1 0 1025
4 1 0 1025
4 1 0 1025
4 1 0 1025
4 1 0 1025
4 1 0 1025
4 1 0 1025
4 1 0 1025
4 1 0 1025
4 1 0 1025
4 1 0 1025
4 1 0 1025
4 1 0 1025
4 1 0 1025
4 1 0 1025
4 1 0 1025
4 1 0 1025
4 1 0 1025
4 1 0 1025
4 1 0 1025
4 1 0 1025
4 1 0 1025
4 1 0 1025
4 1 0 1025
4 1 0 1025
4 1 0 1025
4 1 0 1025
4 1 0 1025
4 1 0 1025
4 1 0 1025
4 1 0 1025
4 1 0 1025
4 1 0 1025
4 1 0 1025
4 1 0 1025
4 1 0 1025
4 1 0 1025
4 1 0 1025
4 1 0 1025
4 1 0 1025
4 1 0 1025
4 1 0 1025
4 1 0 1025
4 1 0 1025
4 1 0 1025
4 1 0 1025
4 1 0 1025
4 1 0 1025
4 1 0 1025
4 1 0 1025
4 1 0 1025
4 1 0 1025
4 1 0 1025
4 1 0 1025
4 1 0 1025
4 1 0 1025
4 1 0 1025
4 1 0 1025
4 1 0 1025
4 1 0 1025
4 1 0 1025
4 1 0 1025
4 1 0 1025
4 1 0 1025
4 1 0 1025
4 1 0 1025
4 1 0 1025
4 1 0 1025
4 1 0 1025
4 1 0 1025
4 1 0 1025
4 1 0 1025
4 1 0 1025
4 1 0 1025
4 1 0 1025
4 1 0 1025
4 1 0 1025
4 1 0 1025
4 1 0 1025
4 1 0 1025
4 1 0 1025
4 1 0 1025
4 1 0 1025
4 1 0 1025
4 1 0 1025
4 1 0 1025
4 1 0 1025
4 1 0 1025
4 1 0 1025
4 1 0 1025
4 1 0 1025
4 1 0 1025
4 1 0 1025
4 1 0 1025
4 1 0 1025
4 1 0 1025
4 1 0 1025
4 1 0 1025
4 1 0 1025
4 1 0 1025
4 1 0 1025
4 1 0 1025
4 1 0 1025
4 1 0 1025
4 1 0 1025
4 1 0 1025
4 1 0 1025
4 1 0 1025
4 1 0 1025
4 1 0 1025
4 1 0 1025
4 1 0 1025
4 1 0 1025
4 1 0 1025
4 1 0 1025
4 1 0 1025
4 1 0 1025
4 1 0 1025
4 1 0 1025
4 1 0 1025
4 1 0 1025
4 1 0 1025
4 1 0 1025
4 1 0 1025
4 1 0 1025
4 1 0 1025
4 1 0 1025
4 1 0 1025
4 1 0 1025
4 1 0 1025
4 1 0 1025
4 1 0 1025
4 1 0 1025
4 1 0 1025
4 1 0 1025
4 1 0 1025
4 1 0 1025
4 1 0 1025
4 1 0 1025
4 1 0 1025
4 1 0 1025
4 1 0 1025
4 1 0 1025
4 1 0 1025
4 1 0 1025
4 1 0 1025
4 1 0 1025
4 1 0 1025
4 1 0 1025
4 1 0 1025
4 1 0 1025
4 1 0 1025
4 1 0 1025
4 1 0 1025
4 1 0 1025
4 1 0 1025
4 1 0 1025
4 1 0 1025
4 1 0 1025
4 1 0 1025
4 1 0 1025
4 1 0 1025
4 1 0 1025
4 1 0 1025
4 1 0 1025
4 1 0 1025
4 1 0 1025
4 1 0 1025
4 1 0 1025
4 1 0 1025
4 1 0 1025
4 1 0 1025
4 1 0 1025
4 1 0 1025
4 1 0 1025
4 1 0 1025
4 1 0 1025
4 1 0 1025
4 1 0 1025
4 1 0 1025
4 1 0 1025
4 1 0 1025
4 1 0 1025
4 1 0 1025
4 1 0 1025
4 1 0 1025
4 1 0 1025
4 1 0 1025
4 1 0 1025
4 1 0 1025
4 1 0 1025
4 1 0 1025
4 1 0 1025
4 1 0 1025
4 1 0 1025
4 1 0 1025
4 1 0 1025
4 1 0 1025
4 1 0 1025
4 1 0 1025
4 1 0 1025
4 1 0 1025
4 1 0 1025
4 1 0 1025
4 1 0 1025
4 1 0 1025
4 1 0 1025
4 1 0 1025
4 1 0 1025
4 1 0 1025
4 1 0 1025
4 1 0 1025
4 1 0 1025
4 1 0 1025
4 1 0 1025
4 1 0 1025
4 1 0 1025
4 1 0 1025
4 1 0 1025
4 1 0 1025
4 1 0 1025
4 1 0 1025
4 1 0 1025
4 1 0 1025
4 1 0 1025
4 1 0 1025
4 1 0 1025
4 1 0 1025
4 1 0 1025
4 1 0 1025
4 1 0 1025
4 1 0 1025
4 1 0 1025
4 1 0 1025
4 1 0 1025
4 1 0 1025
4 1 0 1025
4 1 0 1025
4 1 0 1025
4 1 0 1025
4 1 0 1025
4 1 0 1025
4 1 0 1025
4 1 0 1025
4 1 0 1025
4 1 0 1025
4 1 0 1025
4 1 0 1025
4 1 0 1025
4 1 0 1025
4 1 0 1025
4 1 0 1025
4 1 0 1025
4 1 0 1025
4 1 0 1025
4 1 0 1025
4 1 0 1025
4 1 0 1025
4 1 0 1025
4 1 0 1025
4 1 0 1025
4 1 0 1025
4 1 0 1025
4 1 0 1025
4 1 0 1025
4 1 0 1025
4 1 0 1025
4 1 0 1025
4 1 0 1025
4 1 0 1025
4 1 0 1025
4 1 0 1025
4 1 0 1025
4 1 0 1025
4 1 0 1025
4 1 0 1025
4 1 0 1025
4 1 0 1025
4 1 0 1025
4 1 0 1025
4 1 0 1025
4 1 0 1025
4 1 0 1025
4 1 0 1025
4 1 0 1025
4 1 0 1025
4 1 0 1025
4 1 0 1025
4 1 0 1025
4 1 0 1025
4 1 0 1025
4 1 0 1025
4 1 0 1025
4 1 0 1025
4 1 0 1025
4 1 0 1025
4 1 0 1025
4 1 0 1025
4 1 0 1025
4 1 0 1025
4 1 0 1025
4 1 0 1025
4 1 0 1025
4 1 0 1025
4 1 0 1025
4 1 0 1025
4 1 0 1025
4 1 0 1025
4 1 0 1025
4 1 0 1025
4 1 0 1025
4 1 0 1025
4 1 0 1025
4 1 0 1025
4 1 0 1025
4 1 0 1025
4 1 0 1025
4 1 0 1025
4 1 0 1025
4 1 0 1025
4 1 0 1025
4 1 0 1025
4 1 0 1025
4 1 0 1025
4 1 0 1025
4 1 0 1025
4 1 0 1025
4 1 0 1025
4 1 0 1025
4 1 0 1025
4 1 0 1025
4 1 0 1025
4 1 0 1025
4 1 0 1025
4 1 0 1025
4 1 0 1025
4 1 0 1025
4 1 0 1025
4 1 0 1025
4 1 0 1025
4 1 0 1025
4 1 0 1025
4 1 0 1025
4 1 0 1025
4 1 0 1025
4 1 0 1025
4 1 0 1025
4 1 0 1025
4 1 0 1025
4 1 0 1025
4 1 0 1025
4 1 0 1025
4 1 0 1025
4 1 0 1025
4 1 0 1025
4 1 0 1025
4 1 0 1025
4 1 0 1025
4 1 0 1025
4 1 0 1025
4 1 0 1025
4 1 0 1025
4 1 0 1025
4 1 0 1025
4 1 0 1025
4 1 0 1025
4 1 0 1025
4 1 0 1025
4 1 0 1025
4 1 0 1025
4 1 0 1025
4 1 0 1025
4 1 0 1025
4 1 0 1025
4 1 0 1025
4 1 0 1025
4 1 0 1025
4 1 0 1025
4 1 0 1025
4 1 0 1025
4 1 0 1025
4 1 0 1025
4 1 0 1025
4 1 0 1025
4 1 0 1025
4 1 0 1025
4 1 0 1025
4 1 0 1025
4 1 0 1025
4 1 0 1025
4 1 0 1025
4 1 0 1025
4 1 0 1025
4 1 0 1025
4 1 0 1025
4 1 0 1025
4 1 0 1025
4 1 0 1025
4 1 0 1025
4 1 0 1025
4 1 0 1025
4 1 0 1025
4 1 0 1025
4 1 0 1025
4 1 0 1025
4 1 0 1025
4 1 0 1025
4 1 0 1025
4 1 0 1025
4 1 0 1025
4 1 0 1025
4 1 0 1025
4 1 0 1025
4 1 0 1025
4 1 0 1025
4 1 0 1025
4 1 0 1025
4 1 0 1025
4 1 0 1025
4 1 0 1025
4 1 0 1025
4 1 0 1025
4 1 0 1025
4 1 0 1025
4 1 0 1025
4 1 0 1025
4 1 0 1025
4 1 0 1025
4 1 0 1025
4 1 0 1025
4 1 0 1025
4 1 0 1025
4 1 0 1025
4 1 0 1025
4 1 0 1025
4 1 0 1025
4 1 0 1025
4 1 0 1025
4 1 0 1025
4 1 0 1025
4 1 0 1025
4 1 0 1025
4 1 0 1025
4 1 0 1025
4 1 0 1025
4 1 0 1025
4 1 0 1025
4 1 0 1025
4 1 0 1025
4 1 0 1025
4 1 0 1025
4 1 0 1025
4 1 0 1025
4 1 0 1025
4 1 0 1025
4 1 0 1025
4 1 0 1025
4 1 0 1025
4 1 0 1025
4 1 0 1025
4 1 0 1025
4 1 0 1025
4 1 0 1025
4 1 0 1025
4 1 0 1025
4 1 0 1025
4 1 0 1025
4 1 0 1025
4 1 0 1025
4 1 0 1025
4 1 0 1025
4 1 0 1025
4 1 0 1025
4 1 0 1025
4 1 0 1025
4 1 0 1025
4 1 0 1025
4 1 0 1025
4 1 0 1025
4 1 0 1025
4 1 0 1025
4 1 0 1025
4 1 0 1025
4 1 0 1025
4 1 0 1025
4 1 0 1025
4 1 0 1025
4 1 0 1025
4 1 0 1025
4 1 0 1025
4 1 0 1025
4 1 0 1025
4 1 0 1025
4 1 0 1025
4 1 0 1025
4 1 0 1025
4 1 0 1025
4 1 0 1025
4 1 0 1025
4 1 0 1025
4 1 0 1025
4 1 0 1025
4 1 0 1025
4 1 0 1025
4 1 0 1025
4 1 0 1025
4 1 0 1025
4 1 0 1025
4 1 0 1025
4 1 0 1025
4 1 0 1025
4 1 0 1025
4 1 0 1025
4 1 0 1025
4 1 0 1025
4 1 0 1025
4 1 0 1025
4 1 0 1025
4 1 0 1025
4 1 0 1025
4 1 0 1025
4 1 0 1025
4 1 0 1025
4 1 0 1025
4 1 0 1025
4 1 0 1025
4 1 0 1025
4 1 0 1025
4 1 0 1025
4 1 0 1025
4 1 0 1025
4 1 0 1025
4 1 0 1025
4 1 0 1025
4 1 0 1025
4 1 0 1025
4 1 0 1025
4 1 0 1025
4 1 0 1025
4 1 0 1025
4 1 0 1025
4 1 0 1025
4 1 0 1025
4 1 0 1025
4 1 0 1025
4 1 0 1025
4 1 0 1025
4 1 0 1025
4 1 0 1025
4 1 0 1025
4 1 0 1025
4 1 0 1025
4 1 0 1025
4 1 0 1025
4 1 0 1025
4 1 0 1025
4 1 0 1025
4 1 0 1025
4 1 0 1025
4 1 0 1025
4 1 0 1025
4 1 0 1025
4 1 0 1025
4 1 0 1025
4 1 0 1025
4 1 0 1025
4 1 0 1025
4 1 0 1025
4 1 0 1025
4 1 0 1025
4 1 0 1025
4 1 0 1025
4 1 0 1025
4 1 0 1025
4 1 0 1025
4 1 0 1025
4 1 0 1025
4 1 0 1025
4 1 0 1025
4 1 0 1025
4 1 0 1025
4 1 0 1025
4 1 0 1025
4 1 0 1025
4 1 0 1025
4 1 0 1025
4 1 0 1025
4 1 0 1025
4 1 0 1025
4 1 0 1025
4 1 0 1025
4 1 0 1025
4 1 0 1025
4 1 0 1025
4 1 0 1025
4 1 0 1025
4 1 0 1025
4 1 0 1025
4 1 0 1025
4 1 0 1025
4 1 0 1025
4 1 0 1025
4 1 0 1025
4 1 0 1025
4 1 0 1025
4 1 0 1025
4 1 0 1025
4 1 0 1025
4 1 0 1025
4 1 0 1025
4 1 0 1025
4 1 0 1025
4 1 0 1025
4 1 0 1025
4 1 0 1025
4 1 0 1025
4 1 0 1025
4 1 0 1025
4 1 0 1025
4 1 0 1025
4 1 0 1025
4 1 0 1025
4 1 0 1025
4 1 0 1025
4 1 0 1025
4 1 0 1025
4 1 0 1025
4 1 0 1025
4 1 0 1025
4 1 0 1025
4 1 0 1025
4 1 0 1025
4 1 0 1025
4 1 0 1025
4 1 0 1025
4 1 0 1025
4 1 0 1025
4 1 0 1025
4 1 0 1025
4 1 0 1025
4 1 0 1025
4 1 0 1025
4 1 0 1025
4 1 0 1025
4 1 0 1025
4 1 0 1025
4 1 0 1025
4 1 0 1025
4 1 0 1025
4 1 0 1025
4 1 0 1025
4 1 0 1025
4 1 0 1025
4 1 0 1025
4 1 0 1025
4 1 0 1025
4 1 0 1025
4 1 0 1025
4 1 0 1025
4 1 0 1025
4 1 0 1025
4 1 0 1025
4 1 0 1025
4 1 0 1025
4 1 0 1025
4 1 0 1025
4 1 0 1025
4 1 0 1025
4 1 0 1025
4 1 0 1025
4 1 0 1025
4 1 0 1025
4 1 0 1025
4 1 0 1025
4 1 0 1025
4 1 0 1025
4 1 0 1025
4 1 0 1025
4 1 0 1025
