1 1 0 1157
1 3 0 1157
1 6 0 1157
2 3 0 1157
0 4 1 1158
1 12 1 1159
1 13 1 1159
1 14 1 1159
1 15 1 1159
2 0 1 1160
2 1 1 1161
2 2 1 1161
2 3 1 1161
1 1 1 1162
1 2 1 1162
1 3 1 1162
1 4 1 1162
1 5 1 1163
1 6 1 1163
1 7 1 1163
1 8 1 1163
1 9 1 1163
1 10 1 1163
1 11 1 1163
1 4 0 1164
1 9 0 1164
1 14 0 1165
0 8 1 1167
1 2 0 1169
1 5 0 1169
1 7 0 1169
1 8 0 1169
1 10 0 1169
1 11 0 1170
1 12 0 1170
1 13 0 1170
1 15 0 1170
2 3 0 1172
2 1 0 1174
2 1 1 1174
2 2 0 1174
2 3 1 1174
1 2 1 1177
1 6 1 1178
2 1 0 1180
1 16 0 1180
2 0 1 1181
1 9 0 1182
1 9 0 1184
1 9 0 1185
1 9 0 1188
1 9 0 1190
1 9 0 1191
1 9 0 1193
1 9 0 1195
1 9 0 1197
1 9 0 1199
1 9 0 1200
1 9 0 1203
1 9 0 1205
1 9 0 1206
1 9 0 1208
1 9 0 1210
1 9 0 1212
1 9 0 1214
1 9 0 1215
1 9 0 1219
1 9 0 1220
1 9 0 1222
1 9 0 1223
1 9 0 1226
1 9 0 1227
1 9 0 1229
1 9 0 1231
2 1 0 1233
1 9 0 1234
1 9 0 1235
1 9 0 1237
1 9 0 1238
1 9 0 1241
1 9 0 1243
1 9 0 1244
1 9 0 1246
1 9 0 1248
1 9 0 1250
1 9 0 1252
1 9 0 1253
1 9 0 1256
1 9 0 1258
1 9 0 1259
1 9 0 1261
1 9 0 1264
1 9 0 1266
1 9 0 1267
1 9 0 1269
1 9 0 1272
1 9 0 1273
1 9 0 1275
1 9 0 1276
1 9 0 1279
1 9 0 1281
1 9 0 1282
1 9 0 1284
1 9 0 1286
1 9 0 1288
1 9 0 1290
1 9 0 1291
1 9 0 1295
1 9 0 1296
1 9 0 1298
1 9 0 1299
1 9 0 1302
1 9 0 1304
1 9 0 1305
1 9 0 1307
1 9 0 1310
1 9 0 1311
1 9 0 1313
1 9 0 1315
1 9 0 1317
1 9 0 1318
1 9 0 1320
1 9 0 1322
1 9 0 1325
1 9 0 1327
1 9 0 1328
1 9 0 1330
1 9 0 1332
1 9 0 1334
1 9 0 1335
1 9 0 1337
1 9 0 1340
1 9 0 1342
1 9 0 1343
1 9 0 1345
1 9 0 1347
1 9 0 1349
1 9 0 1351
1 9 0 1352
1 9 0 1355
1 9 0 1357
1 9 0 1358
1 9 0 1360
1 9 0 1362
1 9 0 1364
1 9 0 1366
1 9 0 1367
1 9 0 1370
1 9 0 1372
1 9 0 1374
1 9 0 1375
1 9 0 1378
1 9 0 1380
1 9 0 1381
1 9 0 1383
1 9 0 1385
1 9 0 1387
1 9 0 1388
1 9 0 1390
1 9 0 1392
1 9 0 1394
1 9 0 1396
1 9 0 1397
1 9 0 1400
1 9 0 1402
1 9 0 1404
1 9 0 1405
1 9 0 1408
1 9 0 1410
1 9 0 1411
1 9 0 1413
1 9 0 1416
1 9 0 1417
1 9 0 1419
1 9 0 1421
1 9 0 1423
1 9 0 1425
1 9 0 1427
1 9 0 1428
1 9 0 1431
1 9 0 1433
1 9 0 1434
1 9 0 1436
1 9 0 1439
1 9 0 1440
1 9 0 1442
1 9 0 1443
1 9 0 1446
1 9 0 1447
1 9 0 1449
1 9 0 1451
1 9 0 1453
1 9 0 1455
1 9 0 1456
1 9 0 1458
1 9 0 1461
1 9 0 1462
1 9 0 1464
1 9 0 1466
1 9 0 1468
1 9 0 1470
1 9 0 1471
1 9 0 1473
1 9 0 1476
1 9 0 1478
1 9 0 1479
1 9 0 1481
1 9 0 1484
1 9 0 1486
1 9 0 1487
1 9 0 1489
1 9 0 1491
1 9 0 1493
1 9 0 1495
1 9 0 1496
1 9 0 1499
1 9 0 1500
1 9 0 1502
1 9 0 1504
1 9 0 1506
1 9 0 1507
1 9 0 1509
1 9 0 1511
1 9 0 1514
1 9 0 1516
1 9 0 1517
1 9 0 1519
1 9 0 1522
1 9 0 1523
1 9 0 1525
1 9 0 1526
1 9 0 1529
1 9 0 1531
1 9 0 1532
1 9 0 1534
1 9 0 1537
1 9 0 1538
1 9 0 1540
1 9 0 1541
1 9 0 1545
1 9 0 1546
1 9 0 1548
1 9 0 1549
1 9 0 1552
1 9 0 1554
1 9 0 1555
1 9 0 1557
1 9 0 1560
1 9 0 1561
1 9 0 1563
1 9 0 1565
1 9 0 1567
1 9 0 1569
1 9 0 1570
1 9 0 1572
1 9 0 1575
1 9 0 1576
1 9 0 1578
1 9 0 1579
1 9 0 1582
1 9 0 1584
1 9 0 1585
1 9 0 1587
1 9 0 1590
1 9 0 1591
1 9 0 1593
1 9 0 1594
1 9 0 1598
1 9 0 1600
1 9 0 1601
0 1 0 1603
1 9 0 1605
1 9 0 1607
1 9 0 1608
1 9 0 1610
1 9 0 1612
1 9 0 1614
1 9 0 1616
1 9 0 1617
1 9 0 1620
1 9 0 1622
1 9 0 1623
1 9 0 1625
1 9 0 1628
1 9 0 1629
1 9 0 1631
1 9 0 1633
1 9 0 1635
1 9 0 1637
1 9 0 1639
1 9 0 1640
1 9 0 1643
1 9 0 1645
1 9 0 1647
0 0 0 1648
1 9 0 1650
1 9 0 1652
1 9 0 1653
1 9 0 1655
1 9 0 1658
1 9 0 1659
1 9 0 1661
1 9 0 1663
1 9 0 1665
1 9 0 1667
1 9 0 1669
1 9 0 1670
1 9 0 1673
1 9 0 1675
1 9 0 1677
1 9 0 1678
1 9 0 1681
1 9 0 1682
1 9 0 1684
1 9 0 1686
1 9 0 1688
1 9 0 1690
1 9 0 1691
1 9 0 1693
1 9 0 1696
1 9 0 1698
1 9 0 1699
1 9 0 1701
1 9 0 1703
1 9 0 1705
1 9 0 1706
1 9 0 1708
1 9 0 1711
1 9 0 1712
1 9 0 1714
1 9 0 1715
1 9 0 1718
1 9 0 1720
1 9 0 1721
1 9 0 1723
1 9 0 1726
1 9 0 1728
1 9 0 1729
1 9 0 1731
1 9 0 1734
1 9 0 1735
1 9 0 1737
1 9 0 1738
1 9 0 1741
1 9 0 1743
1 9 0 1744
1 9 0 1746
1 9 0 1749
1 9 0 1750
1 9 0 1752
1 9 0 1753
1 9 0 1756
1 9 0 1758
1 9 0 1759
1 9 0 1761
1 9 0 1764
1 9 0 1765
1 9 0 1767
1 9 0 1768
1 9 0 1772
1 9 0 1774
1 9 0 1775
1 9 0 1779
1 9 0 1781
1 9 0 1782
1 9 0 1784
1 9 0 1786
1 9 0 1788
1 9 0 1790
1 9 0 1791
1 9 0 1794
1 9 0 1796
1 9 0 1797
1 9 0 1799
1 9 0 1801
1 9 0 1803
1 9 0 1805
1 9 0 1806
1 9 0 1809
1 9 0 1811
1 9 0 1812
1 9 0 1814
1 9 0 1817
1 9 0 1819
1 9 0 1820
1 9 0 1822
1 9 0 1825
1 9 0 1826
1 9 0 1828
1 9 0 1829
1 9 0 1832
1 9 0 1834
1 9 0 1835
1 9 0 1837
1 9 0 1839
1 9 0 1841
1 9 0 1843
1 9 0 1844
1 9 0 1847
1 9 0 1849
1 9 0 1850
1 9 0 1852
1 9 0 1855
1 9 0 1856
1 9 0 1858
1 9 0 1859
1 9 0 1862
1 9 0 1864
1 9 0 1866
1 9 0 1867
1 9 0 1870
1 9 0 1872
1 9 0 1873
1 9 0 1875
1 9 0 1877
1 9 0 1878
1 9 0 1880
1 9 0 1882
1 9 0 1885
1 9 0 1887
1 9 0 1888
1 9 0 1890
1 9 0 1892
1 9 0 1894
1 9 0 1896
1 9 0 1897
1 9 0 1900
1 9 0 1901
1 9 0 1903
1 9 0 1905
1 9 0 1908
1 9 0 1910
1 9 0 1911
1 9 0 1913
1 9 0 1915
1 9 0 1917
1 9 0 1919
1 9 0 1920
1 9 0 1923
1 9 0 1925
1 9 0 1926
1 9 0 1928
1 9 0 1931
1 9 0 1933
1 9 0 1934
0 8 0 1936
1 9 0 1938
1 9 0 1940
1 9 0 1941
1 9 0 1943
1 9 0 1945
1 9 0 1947
1 9 0 1949
1 9 0 1950
1 9 0 1953
1 9 0 1954
1 9 0 1956
1 9 0 1957
1 9 0 1960
1 9 0 1962
1 9 0 1964
1 9 0 1965
1 9 0 1968
1 9 0 1970
1 9 0 1971
1 9 0 1973
1 9 0 1976
1 9 0 1977
1 9 0 1979
1 9 0 1980
1 9 0 1983
1 9 0 1984
1 9 0 1986
1 9 0 1988
1 9 0 1991
1 9 0 1992
1 9 0 1994
1 9 0 1996
1 9 0 1999
1 9 0 2000
1 9 0 2002
1 9 0 2003
1 9 0 2006
1 9 0 2007
1 9 0 2009
1 9 0 2010
1 9 0 2014
1 9 0 2015
1 9 0 2017
1 9 0 2018
1 9 0 2021
1 9 0 2023
1 9 0 2025
1 9 0 2026
1 9 0 2029
1 9 0 2031
1 9 0 2032
1 9 0 2034
1 9 0 2036
1 9 0 2038
1 9 0 2039
1 9 0 2041
1 9 0 2044
1 9 0 2046
1 9 0 2047
1 9 0 2049
1 9 0 2051
1 9 0 2053
1 9 0 2055
1 9 0 2056
1 9 0 2059
1 9 0 2061
1 9 0 2062
1 9 0 2064
1 9 0 2066
1 9 0 2068
1 9 0 2070
1 9 0 2071
1 9 0 2074
1 9 0 2076
1 9 0 2077
1 9 0 2079
1 9 0 2082
1 9 0 2083
1 9 0 2085
1 9 0 2086
1 9 0 2090
1 9 0 2091
1 9 0 2093
1 9 0 2094
1 9 0 2097
1 9 0 2099
1 9 0 2100
1 9 0 2102
1 9 0 2105
1 9 0 2106
1 9 0 2108
1 9 0 2110
1 9 0 2112
1 9 0 2114
1 9 0 2115
1 9 0 2117
1 9 0 2120
1 9 0 2121
1 9 0 2123
1 9 0 2125
1 9 0 2127
1 9 0 2129
1 9 0 2130
1 9 0 2132
1 9 0 2135
1 9 0 2136
1 9 0 2138
1 9 0 2140
1 9 0 2142
1 9 0 2144
1 9 0 2146
1 9 0 2147
1 9 0 2150
1 9 0 2151
1 9 0 2153
1 9 0 2155
1 9 0 2157
1 9 0 2159
1 9 0 2160
1 9 0 2162
1 9 0 2165
1 9 0 2167
1 9 0 2168
1 9 0 2170
1 9 0 2173
1 9 0 2174
1 9 0 2176
1 9 0 2178
1 9 0 2181
1 9 0 2182
1 9 0 2184
1 9 0 2185
1 9 0 2188
1 9 0 2190
1 9 0 2191
1 9 0 2193
1 9 0 2195
1 9 0 2197
1 9 0 2199
1 9 0 2200
1 9 0 2203
1 9 0 2205
1 9 0 2206
1 9 0 2208
1 9 0 2211
1 9 0 2212
1 9 0 2214
1 9 0 2215
1 9 0 2218
1 9 0 2220
1 9 0 2221
1 9 0 2223
1 9 0 2226
1 9 0 2228
1 9 0 2229
1 9 0 2231
1 9 0 2233
1 9 0 2235
1 9 0 2236
1 9 0 2238
1 9 0 2241
1 9 0 2242
1 9 0 2244
1 9 0 2245
1 9 0 2249
1 9 0 2250
1 9 0 2252
1 9 0 2253
1 9 0 2256
1 9 0 2258
1 9 0 2259
1 9 0 2261
1 9 0 2264
1 9 0 2265
1 9 0 2267
1 9 0 2268
1 9 0 2271
1 9 0 2273
1 9 0 2274
1 9 0 2276
1 9 0 2279
1 9 0 2280
1 9 0 2282
1 9 0 2283
1 9 0 2286
1 9 0 2288
1 9 0 2289
1 9 0 2291
1 9 0 2294
1 9 0 2295
1 9 0 2297
1 9 0 2298
1 9 0 2302
1 9 0 2303
1 9 0 2305
1 9 0 2307
1 9 0 2309
1 9 0 2311
1 9 0 2312
1 9 0 2314
1 9 0 2316
1 9 0 2318
1 9 0 2320
1 9 0 2321
1 9 0 2324
1 9 0 2326
1 9 0 2327
1 9 0 2329
1 9 0 2331
1 9 0 2333
1 9 0 2335
1 9 0 2336
1 9 0 2339
1 9 0 2341
1 9 0 2342
1 9 0 2344
1 9 0 2347
1 9 0 2348
1 9 0 2350
1 9 0 2352
1 9 0 2354
1 9 0 2356
1 9 0 2358
1 9 0 2359
1 9 0 2362
1 9 0 2364
1 9 0 2365
1 9 0 2367
1 9 0 2370
1 9 0 2371
1 9 0 2373
1 9 0 2374
1 9 0 2377
1 9 0 2379
1 9 0 2381
1 9 0 2382
1 9 0 2384
1 9 0 2386
1 9 0 2388
1 9 0 2389
1 9 0 2393
1 9 0 2394
1 9 0 2396
0 12 0 2398
1 9 0 2399
1 9 0 2401
1 9 0 2403
1 9 0 2404
1 9 0 2408
1 9 0 2409
1 9 0 2411
1 9 0 2412
1 9 0 2415
1 9 0 2417
1 9 0 2418
1 9 0 2420
1 9 0 2423
1 9 0 2424
1 9 0 2426
1 9 0 2428
1 9 0 2431
1 9 0 2432
1 9 0 2434
1 9 0 2437
1 9 0 2439
1 9 0 2440
1 9 0 2442
1 9 0 2445
1 9 0 2447
1 9 0 2448
1 9 0 2450
1 9 0 2453
1 9 0 2454
1 9 0 2456
1 9 0 2457
1 9 0 2460
1 9 0 2462
1 9 0 2464
1 9 0 2465
1 9 0 2468
1 9 0 2470
1 9 0 2471
1 9 0 2473
1 9 0 2475
1 9 0 2477
1 9 0 2479
1 9 0 2480
1 9 0 2483
1 9 0 2485
1 9 0 2486
1 9 0 2488
1 9 0 2491
1 9 0 2492
1 9 0 2494
1 9 0 2495
1 9 0 2498
1 9 0 2500
1 9 0 2502
1 9 0 2503
1 9 0 2506
1 9 0 2507
1 9 0 2509
1 9 0 2510
1 9 0 2513
1 9 0 2515
1 9 0 2516
1 9 0 2518
1 9 0 2521
1 9 0 2522
1 9 0 2524
1 9 0 2525
1 9 0 2528
1 9 0 2530
1 9 0 2532
1 9 0 2533
1 9 0 2536
1 9 0 2537
1 9 0 2539
1 9 0 2541
1 9 0 2543
1 9 0 2545
1 9 0 2547
1 9 0 2548
1 9 0 2552
1 9 0 2553
1 9 0 2555
1 9 0 2556
1 9 0 2559
1 9 0 2560
1 9 0 2562
1 9 0 2564
1 9 0 2567
1 9 0 2568
1 9 0 2570
0 0 0 2572
1 9 0 2574
1 9 0 2575
1 9 0 2577
1 9 0 2578
1 9 0 2582
1 9 0 2583
1 9 0 2585
1 9 0 2587
1 9 0 2589
1 9 0 2590
1 9 0 2592
1 9 0 2593
1 9 0 2597
1 9 0 2598
1 9 0 2600
1 9 0 2602
1 9 0 2604
1 9 0 2606
1 9 0 2608
1 9 0 2609
1 9 0 2612
1 9 0 2613
1 9 0 2615
1 9 0 2617
1 9 0 2619
1 9 0 2621
1 9 0 2623
1 9 0 2624
1 9 0 2627
1 9 0 2629
1 9 0 2630
0 4 0 2632
1 9 0 2634
1 9 0 2636
1 9 0 2637
1 9 0 2639
1 9 0 2642
1 9 0 2644
1 9 0 2645
1 9 0 2647
1 9 0 2649
1 9 0 2651
1 9 0 2653
1 9 0 2654
1 9 0 2657
1 9 0 2659
1 9 0 2660
1 9 0 2662
1 9 0 2665
1 9 0 2666
1 9 0 2668
0 3 0 2670
1 9 0 2672
1 9 0 2673
1 9 0 2675
1 9 0 2677
1 9 0 2679
1 9 0 2681
1 9 0 2683
1 9 0 2684
1 9 0 2687
1 9 0 2689
1 9 0 2691
1 9 0 2692
1 9 0 2695
1 9 0 2696
1 9 0 2698
1 9 0 2700
1 9 0 2702
1 9 0 2704
1 9 0 2705
1 9 0 2707
1 9 0 2710
1 9 0 2712
1 9 0 2713
1 9 0 2715
1 9 0 2717
1 9 0 2719
1 9 0 2721
1 9 0 2722
1 9 0 2725
1 9 0 2726
1 9 0 2728
1 9 0 2730
1 9 0 2732
1 9 0 2734
1 9 0 2735
1 9 0 2737
1 9 0 2740
1 9 0 2742
1 9 0 2744
1 9 0 2745
1 9 0 2748
1 9 0 2750
1 9 0 2751
1 9 0 2753
1 9 0 2755
1 9 0 2757
1 9 0 2758
1 9 0 2760
1 9 0 2762
1 9 0 2764
1 9 0 2766
1 9 0 2767
1 9 0 2770
1 9 0 2772
1 9 0 2774
1 9 0 2775
1 9 0 2778
1 9 0 2779
1 9 0 2781
1 9 0 2782
1 9 0 2785
1 9 0 2787
1 9 0 2789
1 9 0 2790
1 9 0 2793
1 9 0 2795
1 9 0 2796
1 9 0 2798
1 9 0 2800
1 9 0 2802
1 9 0 2803
1 9 0 2805
1 9 0 2808
1 9 0 2810
1 9 0 2811
1 9 0 2813
1 9 0 2816
1 9 0 2817
1 9 0 2819
1 9 0 2820
1 9 0 2823
1 9 0 2825
1 9 0 2826
1 9 0 2828
1 9 0 2831
1 9 0 2833
1 9 0 2834
1 9 0 2836
1 9 0 2838
1 9 0 2840
1 9 0 2842
1 9 0 2843
1 9 0 2846
1 9 0 2848
1 9 0 2849
1 9 0 2851
1 9 0 2854
1 9 0 2855
1 9 0 2857
1 9 0 2857
1 9 0 2857
1 9 0 2857
1 9 0 2857
1 9 0 2857
1 9 0 2857
1 9 0 2857
1 9 0 2857
1 9 0 2857
1 9 0 2857
1 9 0 2857
1 9 0 2857
1 9 0 2857
1 9 0 2857
1 9 0 2857
1 9 0 2857
1 9 0 2857
1 9 0 2857
1 9 0 2857
1 9 0 2857
1 9 0 2857
1 9 0 2857
1 9 0 2857
1 9 0 2857
1 9 0 2857
1 9 0 2857
1 9 0 2857
1 9 0 2857
1 9 0 2857
1 9 0 2857
1 9 0 2857
1 9 0 2857
1 9 0 2857
1 9 0 2857
1 9 0 2857
1 9 0 2857
1 9 0 2857
1 9 0 2857
1 9 0 2857
1 9 0 2857
1 9 0 2857
1 9 0 2857
1 9 0 2857
1 9 0 2857
1 9 0 2857
1 9 0 2857
1 9 0 2857
1 9 0 2857
1 9 0 2857
1 9 0 2857
1 9 0 2857
1 9 0 2857
1 9 0 2857
1 9 0 2857
1 9 0 2857
1 9 0 2857
1 9 0 2857
1 9 0 2857
1 9 0 2857
1 9 0 2857
1 9 0 2857
1 9 0 2857
1 9 0 2857
1 9 0 2857
1 9 0 2857
1 9 0 2857
1 9 0 2857
1 9 0 2857
1 9 0 2857
1 9 0 2857
1 9 0 2857
1 9 0 2857
1 9 0 2857
1 9 0 2857
1 9 0 2857
1 9 0 2857
1 9 0 2857
1 9 0 2857
1 9 0 2857
1 9 0 2857
1 9 0 2857
1 9 0 2857
1 9 0 2857
1 9 0 2857
1 9 0 2857
1 9 0 2857
1 9 0 2857
1 9 0 2857
1 9 0 2857
1 9 0 2857
1 9 0 2857
1 9 0 2857
1 9 0 2857
1 9 0 2857
1 9 0 2857
1 9 0 2857
1 9 0 2857
1 9 0 2857
1 9 0 2857
1 9 0 2857
1 9 0 2857
1 9 0 2857
1 9 0 2857
1 9 0 2857
1 9 0 2857
1 9 0 2857
1 9 0 2857
1 9 0 2857
1 9 0 2857
1 9 0 2857
1 9 0 2857
1 9 0 2857
1 9 0 2857
1 9 0 2857
1 9 0 2857
1 9 0 2857
1 9 0 2857
1 9 0 2857
1 9 0 2857
1 9 0 2857
1 9 0 2857
1 9 0 2857
1 9 0 2857
1 9 0 2857
1 9 0 2857
1 9 0 2857
1 9 0 2857
1 9 0 2857
1 9 0 2857
1 9 0 2857
1 9 0 2857
1 9 0 2857
1 9 0 2857
1 9 0 2857
1 9 0 2857
1 9 0 2857
1 9 0 2857
1 9 0 2857
1 9 0 2857
1 9 0 2857
1 9 0 2857
1 9 0 2857
1 9 0 2857
1 9 0 2857
1 9 0 2857
1 9 0 2857
1 9 0 2857
1 9 0 2857
1 9 0 2857
1 9 0 2857
1 9 0 2857
1 9 0 2857
1 9 0 2857
1 9 0 2857
1 9 0 2857
1 9 0 2857
1 9 0 2857
1 9 0 2857
1 9 0 2857
1 9 0 2857
1 9 0 2857
1 9 0 2857
1 9 0 2857
1 9 0 2857
1 9 0 2857
1 9 0 2857
1 9 0 2857
1 9 0 2857
1 9 0 2857
1 9 0 2857
1 9 0 2857
1 9 0 2857
1 9 0 2857
1 9 0 2857
1 9 0 2857
1 9 0 2857
1 9 0 2857
1 9 0 2857
1 9 0 2857
1 9 0 2857
1 9 0 2857
1 9 0 2857
1 9 0 2857
1 9 0 2857
1 9 0 2857
1 9 0 2857
1 9 0 2857
1 9 0 2857
1 9 0 2857
1 9 0 2857
1 9 0 2857
1 9 0 2857
1 9 0 2857
1 9 0 2857
1 9 0 2857
1 9 0 2857
1 9 0 2857
1 9 0 2857
1 9 0 2857
1 9 0 2857
1 9 0 2857
1 9 0 2857
1 9 0 2857
1 9 0 2857
1 9 0 2857
1 9 0 2857
1 9 0 2857
1 9 0 2857
1 9 0 2857
1 9 0 2857
1 9 0 2857
1 9 0 2857
1 9 0 2857
1 9 0 2857
1 9 0 2857
1 9 0 2857
1 9 0 2857
1 9 0 2857
1 9 0 2857
1 9 0 2857
1 9 0 2857
1 9 0 2857
1 9 0 2857
1 9 0 2857
1 9 0 2857
1 9 0 2857
1 9 0 2857
1 9 0 2857
1 9 0 2857
1 9 0 2857
1 9 0 2857
1 9 0 2857
1 9 0 2857
1 9 0 2857
1 9 0 2857
1 9 0 2857
1 9 0 2857
1 9 0 2857
1 9 0 2857
1 9 0 2857
1 9 0 2857
1 9 0 2857
1 9 0 2857
1 9 0 2857
1 9 0 2857
1 9 0 2857
1 9 0 2857
1 9 0 2857
1 9 0 2857
1 9 0 2857
1 9 0 2857
1 9 0 2857
1 9 0 2857
1 9 0 2857
1 9 0 2857
1 9 0 2857
1 9 0 2857
1 9 0 2857
1 9 0 2857
1 9 0 2857
1 9 0 2857
1 9 0 2857
1 9 0 2857
1 9 0 2857
1 9 0 2857
1 9 0 2857
1 9 0 2857
1 9 0 2857
1 9 0 2857
1 9 0 2857
1 9 0 2857
1 9 0 2857
1 9 0 2857
1 9 0 2857
1 9 0 2857
1 9 0 2857
1 9 0 2857
1 9 0 2857
1 9 0 2857
1 9 0 2857
1 9 0 2857
1 9 0 2857
1 9 0 2857
1 9 0 2857
1 9 0 2857
1 9 0 2857
1 9 0 2857
1 9 0 2857
1 9 0 2857
1 9 0 2857
1 9 0 2857
1 9 0 2857
1 9 0 2857
1 9 0 2857
1 9 0 2857
1 9 0 2857
1 9 0 2857
1 9 0 2857
1 9 0 2857
1 9 0 2857
1 9 0 2857
1 9 0 2857
1 9 0 2857
1 9 0 2857
1 9 0 2857
1 9 0 2857
1 9 0 2857
1 9 0 2857
1 9 0 2857
1 9 0 2857
1 9 0 2857
1 9 0 2857
1 9 0 2857
1 9 0 2857
1 9 0 2857
1 9 0 2857
1 9 0 2857
1 9 0 2857
1 9 0 2857
1 9 0 2857
1 9 0 2857
1 9 0 2857
1 9 0 2857
1 9 0 2857
1 9 0 2857
1 9 0 2857
1 9 0 2857
1 9 0 2857
1 9 0 2857
1 9 0 2857
1 9 0 2857
1 9 0 2857
1 9 0 2857
1 9 0 2857
1 9 0 2857
1 9 0 2857
1 9 0 2857
1 9 0 2862
1 9 0 2863
1 9 0 2865
1 9 0 2868
1 9 0 2870
1 9 0 2871
1 9 0 2873
1 9 0 2876
1 9 0 2878
1 9 0 2880
1 9 0 2881
1 9 0 2884
1 9 0 2885
1 9 0 2887
1 9 0 2889
1 9 0 2891
1 9 0 2893
1 9 0 2895
1 9 0 2896
1 9 0 2899
1 9 0 2901
1 9 0 2902
1 9 0 2904
1 9 0 2907
1 9 0 2908
1 9 0 2910
1 9 0 2912
1 9 0 2915
1 9 0 2916
1 9 0 2918
1 9 0 2921
1 9 0 2923
1 9 0 2924
1 9 0 2926
1 9 0 2929
1 9 0 2931
1 9 0 2932
1 9 0 2934
1 9 0 2937
1 9 0 2938
1 9 0 2940
1 9 0 2942
1 9 0 2944
1 9 0 2946
1 9 0 2947
1 9 0 2949
1 9 0 2953
1 9 0 2954
1 9 0 2956
1 9 0 2960
1 9 0 2961
1 9 0 2963
1 9 0 2965
1 9 0 2967
1 9 0 2968
1 9 0 2970
1 9 0 2972
1 9 0 2974
1 9 0 2976
1 9 0 2978
1 9 0 2979
1 9 0 2982
1 9 0 2984
1 9 0 2985
1 9 0 2987
1 9 0 2990
1 9 0 2991
1 9 0 2993
1 9 0 2994
1 9 0 2997
1 9 0 2999
1 9 0 3001
1 9 0 3002
1 9 0 3005
1 9 0 3006
1 9 0 3008
1 9 0 3010
1 9 0 3012
1 9 0 3014
1 9 0 3016
1 9 0 3017
1 9 0 3020
1 9 0 3022
1 9 0 3023
1 9 0 3025
1 9 0 3028
1 9 0 3029
1 9 0 3031
1 9 0 3032
1 9 0 3035
1 9 0 3037
1 9 0 3038
1 9 0 3040
1 9 0 3043
1 9 0 3044
1 9 0 3046
1 9 0 3048
1 9 0 3050
1 9 0 3052
1 9 0 3053
1 9 0 3055
1 9 0 3058
1 9 0 3059
1 9 0 3061
1 9 0 3062
1 9 0 3065
1 9 0 3067
1 9 0 3068
1 9 0 3070
1 9 0 3073
1 9 0 3075
1 9 0 3076
1 9 0 3078
1 9 0 3081
1 9 0 3082
1 9 0 3084
1 9 0 3085
1 9 0 3088
1 9 0 3089
1 9 0 3091
1 9 0 3093
1 9 0 3096
1 9 0 3098
1 9 0 3099
1 9 0 3101
1 9 0 3103
1 9 0 3105
1 9 0 3107
1 9 0 3108
1 9 0 3111
1 9 0 3113
1 9 0 3114
1 9 0 3116
1 9 0 3119
1 9 0 3120
1 9 0 3122
1 9 0 3123
1 9 0 3126
1 9 0 3128
1 9 0 3130
1 9 0 3131
1 9 0 3133
1 9 0 3135
1 9 0 3137
1 9 0 3138
1 9 0 3141
1 9 0 3143
1 9 0 3145
1 9 0 3146
1 9 0 3149
1 9 0 3151
1 9 0 3152
1 9 0 3154
1 9 0 3156
1 9 0 3158
1 9 0 3159
1 9 0 3161
1 9 0 3164
1 9 0 3165
1 9 0 3167
1 9 0 3169
1 9 0 3172
1 9 0 3174
1 9 0 3175
1 9 0 3178
1 9 0 3180
1 9 0 3182
1 9 0 3183
1 9 0 3187
1 9 0 3188
1 9 0 3190
1 9 0 3192
1 9 0 3194
1 9 0 3196
1 9 0 3198
1 9 0 3199
1 9 0 3201
1 9 0 3203
1 9 0 3205
1 9 0 3206
1 9 0 3209
1 9 0 3211
1 9 0 3213
1 9 0 3214
1 9 0 3217
1 9 0 3219
1 9 0 3220
1 9 0 3222
1 9 0 3225
1 9 0 3226
1 9 0 3228
1 9 0 3229
1 9 0 3232
1 9 0 3234
1 9 0 3235
1 9 0 3237
1 9 0 3240
1 9 0 3241
1 9 0 3243
1 9 0 3244
1 9 0 3247
1 9 0 3249
1 9 0 3250
1 9 0 3252
1 9 0 3255
1 9 0 3256
1 9 0 3258
1 9 0 3259
1 9 0 3262
1 9 0 3264
1 9 0 3265
1 9 0 3267
1 9 0 3270
1 9 0 3271
1 9 0 3273
1 9 0 3274
1 9 0 3277
1 9 0 3279
1 9 0 3280
1 9 0 3282
1 9 0 3285
1 9 0 3286
1 9 0 3288
1 9 0 3290
1 9 0 3292
1 9 0 3294
1 9 0 3295
1 9 0 3297
1 9 0 3300
1 9 0 3301
1 9 0 3303
1 9 0 3304
1 9 0 3307
1 9 0 3309
1 9 0 3311
1 9 0 3312
1 9 0 3315
1 9 0 3317
1 9 0 3319
1 9 0 3320
1 9 0 3323
1 9 0 3324
1 9 0 3326
1 9 0 3327
1 9 0 3330
1 9 0 3332
1 9 0 3333
1 9 0 3335
1 9 0 3338
1 9 0 3340
1 9 0 3341
1 9 0 3343
1 9 0 3345
1 9 0 3347
1 9 0 3348
1 9 0 3350
1 9 0 3353
1 9 0 3355
1 9 0 3356
1 9 0 3358
1 9 0 3360
1 9 0 3362
1 9 0 3364
1 9 0 3365
1 9 0 3368
1 9 0 3370
1 9 0 3371
1 9 0 3373
1 9 0 3376
1 9 0 3377
1 9 0 3379
1 9 0 3381
1 9 0 3383
1 9 0 3385
1 9 0 3387
1 9 0 3388
1 9 0 3391
1 9 0 3393
1 9 0 3394
1 9 0 3396
1 9 0 3399
1 9 0 3400
1 9 0 3402
1 9 0 3404
1 9 0 3406
1 9 0 3408
1 9 0 3409
1 9 0 3411
1 9 0 3413
1 9 0 3415
1 9 0 3417
1 9 0 3418
1 9 0 3421
1 9 0 3423
1 9 0 3425
1 9 0 3426
1 9 0 3429
1 9 0 3431
1 9 0 3432
0 0 0 3434
1 9 0 3436
1 9 0 3438
1 9 0 3439
1 9 0 3441
1 9 0 3444
1 9 0 3445
1 9 0 3447
1 9 0 3449
1 9 0 3451
1 9 0 3453
1 9 0 3455
1 9 0 3456
1 9 0 3459
1 9 0 3461
1 9 0 3462
1 9 0 3464
1 9 0 3467
1 9 0 3468
1 9 0 3470
1 9 0 3471
1 9 0 3474
1 9 0 3476
1 9 0 3477
1 9 0 3479
1 9 0 3481
1 9 0 3483
1 9 0 3484
1 9 0 3486
1 9 0 3489
1 9 0 3490
1 9 0 3492
1 9 0 3494
1 9 0 3497
1 9 0 3499
1 9 0 3500
1 9 0 3502
1 9 0 3504
1 9 0 3505
1 9 0 3507
1 9 0 3509
1 9 0 3512
1 9 0 3513
1 9 0 3515
1 9 0 3516
1 9 0 3519
1 9 0 3521
1 9 0 3522
1 9 0 3524
1 9 0 3527
1 9 0 3528
1 9 0 3530
1 9 0 3531
1 9 0 3534
1 9 0 3536
1 9 0 3538
1 9 0 3539
1 9 0 3542
1 9 0 3544
1 9 0 3545
1 9 0 3547
1 9 0 3549
1 9 0 3551
1 9 0 3552
1 9 0 3554
1 9 0 3557
1 9 0 3558
1 9 0 3560
1 9 0 3562
1 9 0 3565
1 9 0 3566
1 9 0 3568
1 9 0 3570
1 9 0 3573
1 9 0 3575
1 9 0 3576
1 9 0 3578
1 9 0 3580
1 9 0 3582
1 9 0 3583
1 9 0 3585
1 9 0 3588
1 9 0 3589
1 9 0 3591
1 9 0 3593
1 9 0 3595
1 9 0 3597
1 9 0 3598
1 9 0 3600
1 9 0 3603
1 9 0 3604
1 9 0 3606
1 9 0 3607
1 9 0 3611
1 9 0 3612
1 9 0 3614
1 9 0 3615
1 9 0 3618
1 9 0 3619
1 9 0 3621
1 9 0 3623
1 9 0 3626
1 9 0 3627
1 9 0 3629
1 9 0 3630
1 9 0 3633
1 9 0 3635
1 9 0 3636
1 9 0 3638
1 9 0 3641
1 9 0 3643
1 9 0 3644
1 9 0 3646
1 9 0 3649
1 9 0 3650
1 9 0 3652
1 9 0 3653
1 9 0 3656
1 9 0 3658
1 9 0 3660
1 9 0 3663
1 9 0 3665
1 9 0 3667
1 9 0 3668
1 9 0 3671
1 9 0 3673
1 9 0 3674
1 9 0 3676
1 9 0 3679
1 9 0 3680
1 9 0 3682
1 9 0 3684
1 9 0 3687
1 9 0 3688
1 9 0 3690
0 0 0 3691
1 9 0 3694
1 9 0 3695
1 9 0 3697
1 9 0 3699
1 9 0 3701
1 9 0 3703
1 9 0 3705
1 9 0 3706
1 9 0 3709
1 9 0 3710
1 9 0 3712
1 9 0 3713
1 9 0 3716
1 9 0 3718
1 9 0 3720
1 9 0 3721
1 9 0 3724
1 9 0 3725
1 9 0 3727
1 9 0 3728
1 9 0 3731
1 9 0 3733
1 9 0 3734
1 9 0 3736
1 9 0 3739
1 9 0 3741
1 9 0 3742
1 9 0 3744
1 9 0 3746
1 9 0 3748
1 9 0 3750
1 9 0 3751
1 9 0 3754
1 9 0 3756
1 9 0 3758
1 9 0 3759
1 9 0 3762
1 9 0 3763
1 9 0 3765
1 9 0 3766
1 9 0 3769
1 9 0 3771
1 9 0 3773
1 9 0 3774
1 9 0 3777
1 9 0 3778
1 9 0 3780
1 9 0 3781
1 9 0 3784
1 9 0 3786
1 9 0 3787
1 9 0 3789
1 9 0 3792
1 9 0 3793
1 9 0 3795
1 9 0 3796
1 9 0 3799
1 9 0 3801
1 9 0 3802
1 9 0 3804
1 9 0 3807
1 9 0 3809
1 9 0 3810
1 9 0 3812
1 9 0 3814
1 9 0 3816
1 9 0 3818
1 9 0 3819
1 9 0 3822
1 9 0 3824
1 9 0 3825
1 9 0 3827
1 9 0 3830
1 9 0 3832
1 9 0 3833
1 9 0 3835
1 9 0 3838
1 9 0 3839
1 9 0 3841
1 9 0 3842
1 9 0 3845
1 9 0 3847
1 9 0 3848
1 9 0 3850
1 9 0 3853
1 9 0 3854
1 9 0 3856
1 9 0 3858
1 9 0 3860
1 9 0 3862
1 9 0 3864
1 9 0 3865
1 9 0 3868
1 9 0 3870
1 9 0 3872
1 9 0 3875
1 9 0 3877
1 9 0 3878
1 9 0 3880
1 9 0 3883
1 9 0 3884
1 9 0 3886
1 9 0 3888
1 9 0 3890
1 9 0 3892
1 9 0 3894
1 9 0 3895
1 9 0 3898
1 9 0 3900
1 9 0 3902
1 9 0 3903
1 9 0 3906
1 9 0 3907
1 9 0 3909
1 9 0 3910
1 9 0 3913
1 9 0 3915
1 9 0 3916
1 9 0 3918
1 9 0 3921
1 9 0 3923
1 9 0 3925
1 9 0 3928
1 9 0 3930
1 9 0 3931
1 9 0 3933
1 9 0 3936
1 9 0 3937
1 9 0 3939
1 9 0 3941
1 9 0 3943
1 9 0 3945
1 9 0 3947
1 9 0 3948
1 9 0 3951
1 9 0 3953
1 9 0 3954
1 9 0 3956
1 9 0 3959
1 9 0 3960
1 9 0 3962
1 9 0 3964
1 9 0 3966
1 9 0 3968
1 9 0 3970
1 9 0 3971
1 9 0 3974
1 9 0 3976
1 9 0 3977
1 9 0 3981
1 9 0 3983
1 9 0 3984
1 9 0 3986
1 9 0 3988
1 9 0 3990
1 9 0 3991
1 9 0 3993
1 9 0 3996
1 9 0 3998
1 9 0 4000
1 9 0 4001
1 9 0 4004
1 9 0 4006
1 9 0 4007
1 9 0 4009
1 9 0 4011
1 9 0 4013
1 9 0 4015
1 9 0 4016
1 9 0 4019
1 9 0 4020
1 9 0 4022
1 9 0 4023
1 9 0 4026
1 9 0 4028
1 9 0 4029
1 9 0 4031
1 9 0 4034
1 9 0 4035
1 9 0 4037
1 9 0 4039
1 9 0 4042
1 9 0 4043
1 9 0 4045
1 9 0 4046
1 9 0 4049
1 9 0 4051
1 9 0 4053
1 9 0 4054
1 9 0 4057
1 9 0 4059
1 9 0 4061
1 9 0 4062
1 9 0 4065
1 9 0 4066
1 9 0 4068
1 9 0 4069
1 9 0 4072
1 9 0 4074
1 9 0 4075
1 9 0 4077
1 9 0 4080
1 9 0 4081
1 9 0 4083
1 9 0 4084
1 9 0 4087
1 9 0 4089
1 9 0 4091
1 9 0 4092
1 9 0 4095
1 9 0 4096
1 9 0 4098
1 9 0 4100
1 9 0 4102
1 9 0 4104
1 9 0 4105
1 9 0 4107
1 9 0 4110
1 9 0 4111
1 9 0 4113
1 9 0 4115
1 9 0 4117
1 9 0 4119
1 9 0 4120
1 9 0 4122
1 9 0 4125
1 9 0 4127
1 9 0 4129
1 9 0 4130
1 9 0 4133
1 9 0 4134
1 9 0 4136
1 9 0 4137
1 9 0 4140
1 9 0 4141
1 9 0 4143
1 9 0 4145
1 9 0 4147
1 9 0 4149
1 9 0 4151
1 9 0 4152
1 9 0 4155
1 9 0 4157
1 9 0 4158
1 9 0 4160
1 9 0 4163
1 9 0 4164
1 9 0 4166
1 9 0 4168
1 9 0 4170
1 9 0 4172
1 9 0 4174
1 9 0 4175
1 9 0 4178
1 9 0 4179
1 9 0 4181
1 9 0 4183
1 9 0 4186
1 9 0 4187
1 9 0 4189
1 9 0 4190
1 9 0 4193
1 9 0 4194
1 9 0 4196
1 9 0 4198
1 9 0 4201
1 9 0 4202
1 9 0 4204
1 9 0 4206
1 9 0 4208
1 9 0 4210
1 9 0 4211
1 9 0 4213
1 9 0 4216
1 9 0 4217
1 9 0 4219
1 9 0 4220
1 9 0 4223
1 9 0 4225
1 9 0 4227
1 9 0 4228
1 9 0 4231
1 9 0 4233
1 9 0 4234
1 9 0 4236
1 9 0 4238
1 9 0 4240
1 9 0 4241
1 9 0 4243
1 9 0 4246
1 9 0 4247
1 9 0 4249
1 9 0 4251
1 9 0 4253
1 9 0 4255
1 9 0 4257
1 9 0 4258
1 9 0 4261
1 9 0 4263
1 9 0 4264
1 9 0 4266
1 9 0 4269
1 9 0 4270
1 9 0 4272
1 9 0 4273
1 9 0 4276
1 9 0 4277
1 9 0 4279
1 9 0 4280
1 9 0 4283
1 9 0 4285
1 9 0 4287
1 9 0 4288
1 9 0 4292
1 9 0 4293
1 9 0 4295
1 9 0 4296
1 9 0 4299
1 9 0 4301
1 9 0 4302
1 9 0 4304
1 9 0 4307
1 9 0 4308
1 9 0 4310
1 9 0 4312
1 9 0 4314
1 9 0 4315
1 9 0 4317
1 9 0 4318
1 9 0 4321
1 9 0 4323
1 9 0 4325
1 9 0 4326
1 9 0 4329
1 9 0 4331
1 9 0 4333
1 9 0 4334
1 9 0 4337
1 9 0 4338
1 9 0 4340
1 9 0 4342
1 9 0 4345
1 9 0 4346
1 9 0 4348
1 9 0 4350
1 9 0 4352
1 9 0 4354
1 9 0 4355
1 9 0 4357
1 9 0 4360
1 9 0 4361
1 9 0 4363
1 9 0 4364
1 9 0 4367
1 9 0 4369
1 9 0 4370
1 9 0 4372
1 9 0 4375
1 9 0 4377
1 9 0 4379
1 9 0 4382
1 9 0 4383
1 9 0 4385
1 9 0 4387
1 9 0 4390
1 9 0 4391
1 9 0 4393
1 9 0 4394
1 9 0 4397
1 9 0 4398
1 9 0 4400
1 9 0 4402
1 9 0 4405
1 9 0 4407
1 9 0 4408
1 9 0 4410
1 9 0 4413
1 9 0 4414
1 9 0 4416
1 9 0 4418
1 9 0 4420
1 9 0 4422
1 9 0 4424
1 9 0 4425
1 9 0 4428
1 9 0 4430
1 9 0 4431
1 9 0 4433
1 9 0 4435
1 9 0 4437
1 9 0 4438
1 9 0 4440
1 9 0 4443
1 9 0 4445
1 9 0 4446
1 9 0 4448
1 9 0 4450
1 9 0 4452
1 9 0 4453
1 9 0 4455
1 9 0 4458
1 9 0 4460
1 9 0 4461
1 9 0 4463
1 9 0 4466
1 9 0 4467
1 9 0 4469
1 9 0 4471
1 9 0 4473
1 9 0 4474
1 9 0 4476
1 9 0 4478
1 9 0 4481
1 9 0 4482
1 9 0 4484
1 9 0 4485
1 9 0 4488
1 9 0 4490
1 9 0 4491
1 9 0 4493
1 9 0 4496
1 9 0 4497
1 9 0 4499
1 9 0 4500
1 9 0 4504
1 9 0 4505
1 9 0 4507
1 9 0 4508
1 9 0 4511
1 9 0 4512
1 9 0 4514
1 9 0 4516
1 9 0 4518
1 9 0 4520
1 9 0 4521
1 9 0 4523
1 9 0 4527
1 9 0 4528
1 9 0 4530
1 9 0 4531
1 9 0 4533
1 9 0 4535
1 9 0 4537
1 9 0 4538
1 9 0 4541
1 9 0 4543
1 9 0 4544
1 9 0 4546
1 9 0 4549
1 9 0 4551
1 9 0 4552
1 9 0 4554
1 9 0 4557
1 9 0 4558
1 9 0 4560
1 9 0 4561
1 9 0 4564
1 9 0 4566
1 9 0 4567
1 9 0 4569
1 9 0 4571
1 9 0 4573
1 9 0 4575
1 9 0 4576
1 9 0 4579
1 9 0 4581
1 9 0 4582
1 9 0 4584
1 9 0 4587
1 9 0 4588
1 9 0 4590
1 9 0 4592
1 9 0 4594
1 9 0 4596
1 9 0 4598
1 9 0 4599
1 9 0 4602
1 9 0 4604
1 9 0 4605
1 9 0 4607
1 9 0 4610
1 9 0 4612
1 9 0 4613
1 9 0 4615
1 9 0 4617
1 9 0 4619
1 9 0 4621
1 9 0 4622
1 9 0 4624
1 9 0 4626
1 9 0 4628
1 9 0 4629
1 9 0 4632
1 9 0 4634
1 9 0 4635
1 9 0 4637
1 9 0 4640
1 9 0 4642
1 9 0 4644
1 9 0 4645
1 9 0 4648
1 9 0 4650
1 9 0 4651
0 6 0 4653
1 9 0 4655
1 9 0 4656
1 9 0 4658
1 9 0 4660
1 9 0 4662
1 9 0 4664
1 9 0 4665
1 9 0 4667
1 9 0 4670
1 9 0 4672
1 9 0 4673
1 9 0 4675
1 9 0 4678
1 9 0 4679
1 9 0 4681
1 9 0 4683
1 9 0 4685
1 9 0 4687
1 9 0 4689
1 9 0 4690
1 9 0 4693
1 9 0 4694
1 9 0 4696
1 9 0 4698
1 9 0 4700
1 9 0 4702
1 9 0 4704
1 9 0 4705
1 9 0 4707
1 9 0 4709
1 9 0 4711
1 9 0 4712
1 9 0 4715
1 9 0 4717
1 9 0 4718
1 9 0 4720
1 9 0 4723
1 9 0 4725
1 9 0 4726
1 9 0 4728
1 9 0 4730
1 9 0 4732
1 9 0 4733
1 9 0 4735
1 9 0 4738
1 9 0 4740
1 9 0 4741
1 9 0 4743
1 9 0 4746
1 9 0 4748
1 9 0 4749
1 9 0 4751
1 9 0 4754
1 9 0 4755
1 9 0 4757
1 9 0 4759
1 9 0 4761
1 9 0 4762
1 9 0 4764
1 9 0 4766
1 9 0 4769
1 9 0 4770
1 9 0 4772
1 9 0 4773
1 9 0 4776
1 9 0 4778
1 9 0 4779
1 9 0 4781
1 9 0 4784
1 9 0 4786
1 9 0 4788
1 9 0 4791
1 9 0 4793
1 9 0 4794
1 9 0 4796
1 9 0 4799
1 9 0 4800
1 9 0 4802
1 9 0 4804
1 9 0 4807
1 9 0 4808
1 9 0 4810
1 9 0 4811
1 9 0 4814
1 9 0 4816
1 9 0 4817
1 9 0 4819
1 9 0 4822
1 9 0 4823
1 9 0 4825
1 9 0 4827
1 9 0 4829
1 9 0 4831
1 9 0 4832
1 9 0 4834
1 9 0 4837
1 9 0 4838
1 9 0 4840
1 9 0 4842
1 9 0 4845
1 9 0 4847
1 9 0 4848
1 9 0 4852
1 9 0 4854
1 9 0 4855
0 5 0 4857
1 9 0 4859
1 9 0 4861
1 9 0 4863
1 9 0 4864
1 9 0 4867
1 9 0 4868
1 9 0 4870
1 9 0 4872
1 9 0 4874
1 9 0 4876
1 9 0 4878
1 9 0 4879
1 9 0 4882
1 9 0 4883
1 9 0 4885
1 9 0 4887
1 9 0 4890
1 9 0 4891
1 9 0 4893
1 9 0 4895
1 9 0 4897
1 9 0 4899
1 9 0 4901
1 9 0 4902
1 9 0 4905
1 9 0 4906
1 9 0 4908
1 9 0 4910
1 9 0 4913
1 9 0 4914
1 9 0 4916
0 1 0 4918
1 9 0 4920
1 9 0 4921
1 9 0 4923
1 9 0 4924
1 9 0 4928
1 9 0 4929
1 9 0 4931
0 19 0 4933
1 9 0 4934
1 9 0 4936
1 9 0 4938
1 9 0 4939
1 9 0 4942
1 9 0 4944
1 9 0 4946
1 9 0 4947
1 9 0 4950
1 9 0 4952
1 9 0 4954
1 9 0 4955
1 9 0 4957
1 9 0 4959
1 9 0 4961
1 9 0 4962
1 9 0 4966
1 9 0 4967
1 9 0 4969
1 9 0 4970
1 9 0 4973
1 9 0 4974
1 9 0 4976
1 9 0 4977
1 9 0 4980
1 9 0 4982
1 9 0 4984
1 9 0 4985
1 9 0 4988
1 9 0 4989
1 9 0 4991
1 9 0 4993
1 9 0 4996
1 9 0 4997
1 9 0 4999
1 9 0 5000
1 9 0 5003
1 9 0 5004
1 9 0 5006
1 9 0 5008
1 9 0 5010
1 9 0 5012
1 9 0 5014
1 9 0 5015
1 9 0 5018
1 9 0 5020
1 9 0 5021
1 9 0 5023
1 9 0 5025
1 9 0 5027
1 9 0 5029
1 9 0 5030
1 9 0 5033
1 9 0 5035
1 9 0 5036
1 9 0 5038
1 9 0 5040
1 9 0 5042
1 9 0 5044
1 9 0 5045
1 9 0 5048
1 9 0 5050
1 9 0 5051
1 9 0 5053
1 9 0 5056
1 9 0 5057
1 9 0 5059
1 9 0 5061
1 9 0 5064
1 9 0 5065
1 9 0 5067
1 9 0 5069
1 9 0 5071
1 9 0 5073
1 9 0 5074
1 9 0 5076
1 9 0 5079
1 9 0 5080
1 9 0 5082
1 9 0 5084
1 9 0 5086
1 9 0 5088
1 9 0 5090
1 9 0 5091
1 9 0 5094
1 9 0 5096
1 9 0 5097
0 3 0 5099
1 9 0 5101
1 9 0 5103
1 9 0 5104
1 9 0 5106
1 9 0 5109
1 9 0 5111
1 9 0 5112
1 9 0 5114
1 9 0 5117
1 9 0 5118
1 9 0 5120
1 9 0 5121
1 9 0 5124
1 9 0 5125
1 9 0 5127
1 9 0 5129
1 9 0 5131
1 9 0 5133
1 9 0 5135
1 9 0 5136
1 9 0 5139
1 9 0 5141
1 9 0 5142
1 9 0 5144
1 9 0 5147
1 9 0 5148
1 9 0 5150
1 9 0 5151
1 9 0 5154
1 9 0 5156
1 9 0 5157
1 9 0 5159
1 9 0 5162
1 9 0 5163
1 9 0 5165
1 9 0 5167
1 9 0 5169
1 9 0 5171
1 9 0 5173
1 9 0 5174
1 9 0 5177
1 9 0 5179
1 9 0 5180
1 9 0 5182
1 9 0 5184
1 9 0 5186
1 9 0 5188
1 9 0 5189
1 9 0 5192
1 9 0 5194
1 9 0 5196
1 9 0 5197
1 9 0 5200
1 9 0 5201
1 9 0 5203
1 9 0 5205
1 9 0 5207
1 9 0 5209
1 9 0 5210
1 9 0 5212
1 9 0 5214
1 9 0 5216
1 9 0 5218
1 9 0 5219
1 9 0 5222
1 9 0 5224
1 9 0 5226
1 9 0 5227
1 9 0 5230
1 9 0 5232
1 9 0 5233
1 9 0 5235
1 9 0 5237
1 9 0 5239
1 9 0 5240
1 9 0 5242
1 9 0 5245
1 9 0 5246
1 9 0 5248
1 9 0 5250
1 9 0 5252
1 9 0 5254
1 9 0 5256
1 9 0 5257
1 9 0 5260
1 9 0 5262
1 9 0 5263
1 9 0 5265
1 9 0 5267
1 9 0 5269
1 9 0 5270
1 9 0 5272
1 9 0 5276
1 9 0 5277
1 9 0 5279
1 9 0 5281
1 9 0 5283
1 9 0 5284
1 9 0 5286
1 9 0 5287
1 9 0 5291
1 9 0 5292
1 9 0 5294
1 9 0 5295
1 9 0 5298
1 9 0 5300
1 9 0 5301
1 9 0 5303
1 9 0 5306
1 9 0 5307
1 9 0 5309
1 9 0 5310
1 9 0 5313
1 9 0 5315
1 9 0 5316
1 9 0 5318
1 9 0 5321
1 9 0 5323
1 9 0 5324
1 9 0 5326
1 9 0 5328
1 9 0 5330
1 9 0 5331
1 9 0 5333
1 9 0 5336
1 9 0 5338
1 9 0 5339
1 9 0 5341
1 9 0 5343
1 9 0 5345
1 9 0 5347
1 9 0 5348
1 9 0 5351
1 9 0 5352
1 9 0 5354
1 9 0 5356
1 9 0 5359
1 9 0 5360
1 9 0 5362
1 9 0 5364
1 9 0 5366
1 9 0 5368
1 9 0 5370
1 9 0 5371
1 9 0 5374
1 9 0 5375
1 9 0 5377
1 9 0 5379
1 9 0 5381
1 9 0 5383
1 9 0 5384
1 9 0 5386
1 9 0 5389
1 9 0 5390
1 9 0 5392
1 9 0 5394
1 9 0 5396
1 9 0 5398
1 9 0 5400
1 9 0 5401
1 9 0 5404
1 9 0 5405
1 9 0 5407
1 9 0 5409
1 9 0 5411
1 9 0 5413
1 9 0 5415
1 9 0 5416
1 9 0 5419
1 9 0 5421
1 9 0 5422
1 9 0 5424
1 9 0 5427
1 9 0 5428
1 9 0 5430
1 9 0 5431
1 9 0 5434
1 9 0 5436
1 9 0 5438
1 9 0 5439
1 9 0 5442
1 9 0 5444
1 9 0 5445
0 1 0 5447
1 9 0 5449
1 9 0 5451
1 9 0 5452
1 9 0 5454
1 9 0 5457
1 9 0 5459
1 9 0 5461
1 9 0 5464
1 9 0 5466
1 9 0 5468
1 9 0 5469
1 9 0 5472
1 9 0 5474
1 9 0 5475
1 9 0 5477
1 9 0 5479
1 9 0 5481
1 9 0 5482
1 9 0 5484
1 9 0 5487
1 9 0 5489
1 9 0 5490
1 9 0 5492
1 9 0 5495
1 9 0 5496
1 9 0 5498
1 9 0 5499
1 9 0 5502
1 9 0 5504
1 9 0 5505
1 9 0 5507
1 9 0 5510
1 9 0 5511
1 9 0 5513
1 9 0 5514
1 9 0 5517
1 9 0 5519
1 9 0 5520
1 9 0 5522
1 9 0 5524
1 9 0 5526
1 9 0 5528
1 9 0 5529
1 9 0 5532
1 9 0 5534
1 9 0 5535
1 9 0 5537
1 9 0 5540
1 9 0 5542
1 9 0 5543
1 9 0 5545
1 9 0 5548
1 9 0 5550
1 9 0 5551
1 9 0 5553
1 9 0 5555
1 9 0 5557
1 9 0 5559
1 9 0 5560
1 9 0 5563
1 9 0 5564
1 9 0 5566
1 9 0 5568
1 9 0 5570
1 9 0 5572
1 9 0 5574
1 9 0 5575
1 9 0 5578
1 9 0 5580
1 9 0 5581
1 9 0 5583
1 9 0 5585
1 9 0 5587
1 9 0 5589
1 9 0 5590
1 9 0 5593
1 9 0 5595
1 9 0 5596
1 9 0 5598
1 9 0 5601
1 9 0 5603
1 9 0 5604
1 9 0 5606
1 9 0 5608
1 9 0 5610
1 9 0 5611
1 9 0 5613
1 9 0 5616
1 9 0 5618
1 9 0 5619
0 1 0 5621
1 9 0 5623
1 9 0 5625
1 9 0 5626
1 9 0 5628
1 9 0 5631
1 9 0 5633
1 9 0 5634
1 9 0 5636
1 9 0 5639
1 9 0 5640
1 9 0 5642
0 0 0 5644
1 9 0 5646
1 9 0 5648
1 9 0 5649
1 9 0 5651
1 9 0 5654
1 9 0 5655
1 9 0 5657
1 9 0 5659
1 9 0 5661
1 9 0 5663
1 9 0 5664
1 9 0 5666
1 9 0 5669
1 9 0 5670
1 9 0 5672
1 9 0 5673
1 9 0 5676
1 9 0 5678
1 9 0 5679
1 9 0 5681
1 9 0 5683
1 9 0 5685
1 9 0 5687
1 9 0 5688
1 9 0 5691
1 9 0 5693
1 9 0 5695
1 9 0 5696
1 9 0 5699
1 9 0 5700
1 9 0 5702
1 9 0 5704
1 9 0 5706
1 9 0 5708
1 9 0 5710
1 9 0 5711
1 9 0 5714
1 9 0 5716
1 9 0 5717
1 9 0 5719
1 9 0 5722
1 9 0 5723
1 9 0 5725
1 9 0 5726
1 9 0 5729
1 9 0 5731
1 9 0 5732
1 9 0 5734
1 9 0 5737
1 9 0 5738
1 9 0 5740
1 9 0 5741
1 9 0 5744
1 9 0 5746
1 9 0 5747
1 9 0 5749
1 9 0 5752
1 9 0 5753
1 9 0 5755
1 9 0 5757
1 9 0 5759
1 9 0 5761
1 9 0 5763
1 9 0 5764
1 9 0 5767
1 9 0 5769
1 9 0 5770
1 9 0 5772
1 9 0 5775
1 9 0 5777
1 9 0 5778
1 9 0 5780
1 9 0 5782
1 9 0 5784
1 9 0 5786
1 9 0 5787
1 9 0 5790
1 9 0 5792
1 9 0 5793
0 5 0 5795
1 9 0 5797
1 9 0 5798
1 9 0 5800
1 9 0 5801
1 9 0 5804
1 9 0 5806
1 9 0 5807
1 9 0 5809
1 9 0 5812
1 9 0 5814
1 9 0 5815
1 9 0 5817
1 9 0 5820
1 9 0 5821
1 9 0 5823
1 9 0 5825
1 9 0 5827
1 9 0 5829
1 9 0 5830
1 9 0 5832
1 9 0 5835
1 9 0 5837
1 9 0 5838
1 9 0 5840
1 9 0 5843
1 9 0 5844
1 9 0 5846
1 9 0 5848
1 9 0 5850
1 9 0 5851
1 9 0 5853
1 9 0 5855
1 9 0 5858
1 9 0 5859
1 9 0 5861
1 9 0 5863
1 9 0 5865
1 9 0 5867
1 9 0 5869
1 9 0 5870
1 9 0 5873
1 9 0 5874
1 9 0 5876
1 9 0 5878
1 9 0 5880
1 9 0 5882
1 9 0 5884
1 9 0 5885
1 9 0 5888
1 9 0 5890
1 9 0 5892
0 5 0 5893
1 9 0 5896
1 9 0 5897
1 9 0 5899
1 9 0 5901
1 9 0 5903
1 9 0 5905
1 9 0 5907
1 9 0 5908
1 9 0 5911
1 9 0 5913
1 9 0 5914
1 9 0 5916
1 9 0 5919
1 9 0 5920
1 9 0 5922
1 9 0 5923
1 9 0 5926
1 9 0 5927
1 9 0 5929
1 9 0 5931
1 9 0 5933
1 9 0 5935
1 9 0 5936
1 9 0 5938
1 9 0 5941
1 9 0 5943
1 9 0 5944
1 9 0 5946
1 9 0 5949
1 9 0 5950
1 9 0 5952
1 9 0 5953
1 9 0 5956
1 9 0 5958
1 9 0 5960
1 9 0 5961
1 9 0 5964
1 9 0 5965
1 9 0 5967
1 9 0 5969
1 9 0 5971
1 9 0 5973
1 9 0 5974
1 9 0 5976
1 9 0 5979
1 9 0 5981
1 9 0 5982
1 9 0 5984
1 9 0 5987
1 9 0 5989
1 9 0 5990
0 1 0 5992
1 9 0 5994
1 9 0 5995
1 9 0 5997
1 9 0 5998
1 9 0 6001
1 9 0 6003
1 9 0 6004
1 9 0 6006
1 9 0 6009
1 9 0 6011
1 9 0 6012
1 9 0 6014
1 9 0 6016
1 9 0 6018
1 9 0 6020
1 9 0 6021
1 9 0 6024
1 9 0 6026
1 9 0 6027
1 9 0 6029
1 9 0 6032
1 9 0 6033
1 9 0 6035
1 9 0 6036
1 9 0 6039
1 9 0 6041
1 9 0 6042
1 9 0 6044
1 9 0 6047
1 9 0 6049
1 9 0 6050
1 9 0 6052
1 9 0 6055
1 9 0 6057
1 9 0 6058
1 9 0 6060
1 9 0 6062
1 9 0 6064
1 9 0 6066
1 9 0 6067
1 9 0 6069
1 9 0 6071
1 9 0 6073
1 9 0 6074
1 9 0 6077
1 9 0 6079
1 9 0 6080
1 9 0 6082
1 9 0 6085
1 9 0 6087
1 9 0 6088
1 9 0 6090
1 9 0 6092
1 9 0 6094
1 9 0 6095
1 9 0 6097
1 9 0 6100
1 9 0 6102
1 9 0 6103
1 9 0 6105
1 9 0 6107
1 9 0 6109
1 9 0 6111
1 9 0 6112
1 9 0 6115
1 9 0 6117
1 9 0 6118
1 9 0 6120
1 9 0 6123
1 9 0 6125
1 9 0 6127
1 9 0 6130
1 9 0 6132
1 9 0 6133
1 9 0 6135
1 9 0 6137
1 9 0 6139
1 9 0 6141
1 9 0 6142
1 9 0 6145
1 9 0 6147
1 9 0 6148
1 9 0 6150
1 9 0 6153
1 9 0 6155
1 9 0 6157
0 0 0 6158
1 9 0 6160
1 9 0 6162
1 9 0 6163
1 9 0 6165
1 9 0 6168
1 9 0 6170
1 9 0 6171
1 9 0 6173
1 9 0 6176
1 9 0 6177
1 9 0 6179
1 9 0 6181
1 9 0 6183
1 9 0 6185
1 9 0 6187
1 9 0 6188
1 9 0 6191
1 9 0 6192
1 9 0 6194
1 9 0 6196
1 9 0 6198
1 9 0 6200
1 9 0 6201
1 9 0 6203
1 9 0 6206
1 9 0 6207
1 9 0 6209
1 9 0 6210
1 9 0 6214
1 9 0 6215
1 9 0 6217
0 0 0 6219
1 9 0 6221
1 9 0 6222
1 9 0 6224
1 9 0 6226
1 9 0 6228
1 9 0 6230
1 9 0 6231
1 9 0 6233
1 9 0 6236
1 9 0 6238
1 9 0 6239
1 9 0 6241
1 9 0 6243
1 9 0 6245
1 9 0 6247
1 9 0 6248
1 9 0 6251
1 9 0 6252
1 9 0 6254
1 9 0 6255
1 9 0 6258
1 9 0 6260
1 9 0 6262
1 9 0 6263
1 9 0 6266
1 9 0 6268
1 9 0 6270
1 9 0 6271
1 9 0 6274
1 9 0 6275
1 9 0 6277
1 9 0 6278
1 9 0 6281
1 9 0 6283
1 9 0 6285
1 9 0 6286
1 9 0 6289
1 9 0 6291
1 9 0 6292
1 9 0 6294
1 9 0 6296
1 9 0 6298
1 9 0 6300
1 9 0 6301
1 9 0 6304
1 9 0 6306
1 9 0 6308
0 1 0 6309
1 9 0 6312
1 9 0 6313
1 9 0 6315
1 9 0 6316
1 9 0 6319
1 9 0 6321
1 9 0 6323
1 9 0 6324
1 9 0 6327
1 9 0 6329
1 9 0 6330
1 9 0 6332
1 9 0 6334
1 9 0 6336
1 9 0 6337
1 9 0 6339
1 9 0 6342
1 9 0 6343
1 9 0 6345
1 9 0 6346
1 9 0 6349
1 9 0 6351
1 9 0 6353
1 9 0 6354
1 9 0 6357
1 9 0 6359
1 9 0 6360
1 9 0 6362
1 9 0 6364
1 9 0 6366
1 9 0 6368
1 9 0 6369
1 9 0 6372
1 9 0 6374
1 9 0 6375
1 9 0 6377
1 9 0 6380
1 9 0 6381
1 9 0 6383
1 9 0 6384
1 9 0 6387
1 9 0 6389
1 9 0 6391
1 9 0 6392
1 9 0 6395
1 9 0 6397
1 9 0 6398
1 9 0 6400
1 9 0 6403
1 9 0 6405
1 9 0 6406
1 9 0 6410
1 9 0 6411
1 9 0 6413
1 9 0 6415
1 9 0 6418
1 9 0 6420
1 9 0 6421
1 9 0 6423
1 9 0 6425
1 9 0 6427
1 9 0 6428
1 9 0 6430
1 9 0 6432
1 9 0 6434
1 9 0 6436
1 9 0 6437
1 9 0 6440
1 9 0 6442
1 9 0 6443
1 9 0 6445
1 9 0 6447
1 9 0 6449
1 9 0 6451
1 9 0 6452
1 9 0 6456
1 9 0 6457
1 9 0 6459
1 9 0 6460
1 9 0 6463
0 10 0 6481
0 7 1 6482
0 0 1 6485
0 2 1 6485
0 4 1 6485
0 7 1 6485
0 0 1 6488
0 6 1 6490
0 0 1 6493
0 3 1 6493
0 5 1 6493
0 8 1 6493
0 5 1 6497
0 7 1 6497
0 10 1 6497
0 0 1 6500
0 6 1 6500
0 8 1 6500
0 11 1 6501
0 1 1 6503
0 9 1 6505
0 12 1 6505
0 6 1 6508
0 9 1 6508
0 12 1 6508
0 4 1 6511
0 9 1 6512
0 11 1 6512
0 14 1 6512
0 5 1 6515
0 10 1 6515
0 12 1 6516
0 15 1 6516
0 12 1 6520
0 15 1 6520
0 10 1 6523
0 13 1 6523
0 16 1 6523
0 8 1 6526
0 14 1 6527
0 17 1 6528
0 9 1 6530
0 14 1 6531
0 16 1 6531
0 19 1 6531
0 15 1 6535
0 17 1 6536
0 20 1 6536
0 14 1 6539
0 17 1 6539
0 20 1 6539
0 15 1 6543
0 18 1 6543
0 21 1 6544
0 16 1 6546
0 19 1 6547
0 22 1 6547
0 17 1 6551
0 20 1 6551
0 23 1 6551
0 18 1 6554
0 21 1 6554
0 24 1 6554
0 19 1 6559
0 22 1 6559
0 25 1 6559
0 20 1 6562
0 23 1 6562
0 26 1 6563
0 21 1 6566
0 24 1 6566
0 27 1 6567
0 22 1 6569
0 25 1 6570
0 28 1 6570
0 23 1 6574
0 26 1 6574
0 29 1 6574
0 24 1 6577
0 27 1 6577
1 1 1 6578
0 25 1 6581
0 28 1 6582
0 26 1 6585
0 29 1 6585
1 2 1 6585
0 27 1 6589
1 0 1 6589
1 4 1 6589
0 28 1 6592
1 1 1 6592
0 29 1 6596
1 2 1 6597
1 5 1 6597
1 1 1 6600
1 4 1 6600
1 4 1 6604
1 8 1 6604
1 3 1 6607
1 6 1 6607
1 5 1 6611
1 8 1 6612
1 6 1 6615
1 9 1 6615
1 5 1 6619
1 8 1 6619
1 9 1 6622
1 13 1 6622
1 8 1 6626
1 11 1 6626
1 10 1 6629
1 13 1 6630
1 11 1 6633
1 14 1 6634
1 10 1 6636
1 13 1 6637
1 17 1 6637
1 14 1 6641
1 18 1 6641
1 14 1 6644
1 17 1 6645
1 15 1 6649
1 18 1 6649
1 14 1 6652
1 17 1 6652
1 21 1 6653
1 17 1 6657
1 20 1 6657
1 17 1 6660
1 20 1 6660
1 24 1 6660
1 17 1 6664
1 20 1 6665
1 24 1 6665
1 18 1 6668
1 21 1 6668
1 25 1 6668
1 19 1 6672
1 22 1 6672
1 26 1 6673
1 20 1 6675
1 23 1 6676
1 27 1 6676
1 22 1 6680
1 25 1 6680
1 29 1 6680
1 23 1 6683
1 26 1 6683
1 24 1 6687
1 27 1 6687
0 1 1 6688
1 25 1 6690
1 28 1 6690
0 1 1 6691
1 26 1 6694
1 29 1 6694
2 3 1 6695
1 27 1 6698
2 0 1 6698
0 1 1 6698
1 28 1 6702
2 1 1 6702
0 1 1 6702
1 29 1 6705
2 2 1 6705
0 3 1 6706
2 1 1 6709
0 0 1 6709
0 3 1 6709
2 3 1 6712
0 1 1 6713
0 4 1 6713
2 3 1 6717
0 1 1 6717
0 4 1 6717
0 3 1 6720
0 4 1 6728
0 5 1 6735
0 6 1 6742
0 8 1 6750
0 9 1 6757
0 9 1 6764
0 11 1 6772
0 1 0 6778
0 12 1 6779
0 2 0 6785
0 13 1 6787
0 13 1 6794
0 15 1 6801
0 15 1 6809
0 17 1 6816
0 18 1 6824
0 19 1 6831
0 20 1 6839
0 21 1 6846
0 22 1 6854
0 23 1 6862
0 23 1 6869
0 25 1 6876
0 26 1 6884
0 27 1 6891
0 3 1 6895
0 28 1 6899
0 29 1 6906
1 20 1 7016
1 21 1 7023
1 19 1 7031
1 20 1 7039
1 24 1 7046
1 25 1 7053
1 26 1 7060
1 27 1 7068
1 28 1 7075
0 2 1 7126
0 1 1 7141
0 2 1 7148
0 1 1 7162
0 2 1 7170
0 3 1 7177
0 15 0 8371
0 7 1 8372
0 1 1 8375
0 3 1 8375
0 6 1 8376
0 1 1 8378
0 7 0 8379
0 9 1 8380
0 2 1 8383
0 4 1 8383
0 6 1 8383
0 9 1 8383
0 4 1 8386
0 6 0 8386
0 3 1 8390
0 6 1 8390
0 8 1 8390
0 11 1 8391
0 2 1 8393
0 7 1 8394
0 16 0 8394
0 7 1 8397
0 9 1 8398
0 12 1 8398
0 4 1 8401
0 9 1 8401
0 11 1 8401
0 5 1 8405
0 10 1 8405
0 12 1 8405
0 15 1 8406
0 9 1 8408
0 12 1 8409
0 3 0 8409
0 10 1 8413
0 13 1 8413
0 16 1 8413
0 8 1 8416
0 7 0 8416
0 19 1 8418
0 9 1 8420
0 14 1 8421
0 16 1 8421
0 19 1 8421
0 10 1 8424
0 3 0 8424
0 21 1 8425
0 14 1 8428
0 17 1 8428
0 20 1 8429
0 15 1 8431
0 20 1 8433
0 16 1 8436
0 19 1 8436
0 22 1 8436
0 17 1 8439
0 22 1 8440
0 18 1 8443
0 21 1 8444
0 24 1 8444
0 14 0 8447
0 23 1 8448
0 26 1 8448
0 20 1 8451
0 23 1 8451
0 26 1 8451
0 21 1 8454
0 29 1 8455
0 22 1 8458
0 25 1 8458
0 28 1 8458
0 23 1 8461
0 26 1 8461
0 29 1 8462
0 24 1 8465
0 27 1 8466
0 25 1 8469
0 28 1 8469
0 0 0 8469
0 26 1 8473
0 29 1 8473
1 2 1 8473
0 27 1 8476
1 0 1 8476
0 0 0 8477
0 28 1 8480
1 1 1 8480
1 5 1 8481
0 29 1 8483
1 2 1 8484
1 1 1 8488
1 4 1 8488
1 4 1 8491
1 8 1 8491
1 3 1 8495
1 6 1 8495
1 6 1 8498
1 10 1 8499
1 5 1 8502
1 8 1 8502
1 7 1 8505
1 10 1 8506
1 8 1 8510
1 11 1 8510
1 9 1 8513
1 13 1 8513
1 8 1 8517
1 11 1 8518
1 16 1 8518
1 12 1 8521
1 16 1 8521
1 11 1 8525
1 14 1 8525
1 17 1 8525
1 13 1 8528
1 16 1 8529
1 14 1 8532
1 17 1 8533
1 13 1 8536
1 16 1 8536
1 20 1 8536
1 16 1 8540
1 19 1 8541
1 16 1 8544
1 19 1 8544
1 23 1 8544
1 16 1 8548
1 19 1 8548
1 23 1 8548
1 17 1 8551
1 20 1 8551
1 24 1 8552
1 18 1 8556
1 21 1 8556
1 25 1 8556
1 19 1 8559
1 22 1 8559
1 26 1 8559
1 20 1 8564
1 23 1 8564
1 27 1 8564
1 22 1 8567
1 25 1 8567
1 23 1 8571
1 26 1 8571
1 24 1 8575
1 27 1 8575
1 25 1 8579
1 28 1 8579
0 2 1 8580
1 26 1 8582
1 29 1 8582
1 27 1 8587
2 0 1 8587
0 1 1 8587
1 28 1 8590
2 1 1 8590
0 4 1 8591
1 29 1 8594
2 2 1 8594
0 3 1 8595
2 1 1 8597
0 0 1 8598
2 3 1 8602
0 1 1 8602
0 4 1 8602
0 5 0 8605
0 6 1 8607
0 0 0 8609
0 10 1 8610
0 4 1 8617
0 5 1 8625
0 6 1 8632
0 8 1 8640
0 9 1 8647
0 10 1 8655
0 11 1 8662
0 1 1 8668
0 12 1 8670
0 2 0 8676
0 13 1 8677
0 14 1 8684
0 15 1 8692
0 15 1 8700
0 1 1 8705
0 17 1 8707
0 17 1 8715
0 19 1 8722
0 20 1 8730
0 21 1 8738
0 22 1 8745
0 22 1 8753
0 23 1 8760
0 24 1 8768
0 25 1 8775
0 4 1 8779
0 26 1 8783
0 2 1 8786
0 27 1 8790
0 28 1 8798
0 29 1 8805
1 20 1 8907
1 21 1 8914
1 19 1 8922
1 20 1 8929
1 24 1 8937
1 25 1 8944
1 26 1 8952
1 27 1 8960
1 28 1 8967
0 2 1 9019
0 1 1 9033
0 1 1 9041
0 1 1 9055
0 1 1 9063
0 3 1 9070
0 10 0 10266
0 7 1 10267
0 1 1 10270
0 3 1 10270
0 6 1 10270
0 8 0 10273
0 5 1 10274
0 8 1 10275
0 2 1 10277
0 4 1 10278
0 6 1 10278
0 9 1 10278
0 5 1 10282
0 7 1 10282
0 10 1 10282
0 4 1 10285
0 7 1 10285
0 10 1 10285
0 2 1 10288
0 8 1 10290
0 11 1 10290
0 7 1 10293
0 9 1 10293
0 12 1 10293
0 9 1 10297
0 11 1 10298
0 14 1 10298
0 5 1 10300
0 10 1 10301
0 12 1 10301
0 15 1 10301
0 9 1 10305
0 12 1 10305
0 15 1 10305
0 10 1 10308
0 13 1 10308
0 16 1 10309
0 12 1 10313
0 14 1 10313
0 17 1 10313
0 9 1 10316
0 14 1 10316
0 16 1 10316
0 19 1 10317
0 10 1 10320
0 15 1 10321
0 17 1 10321
0 20 1 10321
0 14 1 10324
0 17 1 10324
0 20 1 10324
0 15 1 10328
0 18 1 10328
0 21 1 10329
0 16 1 10331
0 19 1 10332
0 22 1 10332
0 17 1 10335
0 20 1 10336
0 23 1 10336
0 18 1 10339
0 21 1 10339
0 24 1 10339
0 19 1 10343
0 22 1 10344
0 25 1 10344
0 20 1 10347
0 23 1 10347
0 26 1 10347
0 21 1 10351
0 24 1 10352
0 27 1 10352
0 22 1 10355
0 25 1 10355
0 28 1 10355
0 23 1 10359
0 26 1 10359
0 29 1 10359
0 24 1 10362
0 27 1 10362
1 1 1 10363
0 25 1 10366
0 28 1 10366
0 26 1 10369
0 29 1 10369
1 2 1 10370
0 27 1 10373
1 0 1 10373
0 28 1 10376
1 1 1 10376
1 4 1 10377
0 29 1 10381
1 2 1 10381
1 6 1 10381
1 1 1 10384
1 4 1 10384
1 4 1 10388
1 8 1 10388
1 3 1 10391
1 6 1 10391
1 6 1 10396
1 10 1 10396
1 5 1 10399
1 8 1 10399
1 8 1 10403
1 12 1 10403
1 7 1 10406
1 10 1 10406
1 10 1 10411
1 14 1 10411
1 9 1 10414
1 12 1 10414
1 12 1 10418
1 16 1 10418
1 11 1 10421
1 14 1 10421
1 17 1 10422
1 14 1 10426
1 18 1 10426
1 14 1 10429
1 17 1 10429
1 15 1 10433
1 18 1 10434
1 16 1 10437
1 19 1 10437
1 16 1 10441
1 19 1 10442
1 23 1 10442
1 16 1 10444
1 19 1 10445
1 23 1 10445
1 17 1 10449
1 20 1 10449
1 24 1 10450
1 19 1 10452
1 22 1 10453
1 26 1 10453
1 20 1 10457
1 23 1 10458
1 27 1 10458
1 21 1 10461
1 24 1 10461
1 28 1 10461
1 22 1 10465
1 25 1 10466
1 29 1 10466
1 23 1 10469
1 26 1 10469
1 24 1 10473
1 27 1 10473
0 6 1 10474
1 25 1 10476
1 28 1 10476
1 26 1 10481
1 29 1 10481
1 27 1 10484
2 0 1 10484
0 0 1 10484
1 28 1 10488
2 1 1 10489
0 1 1 10489
1 29 1 10492
2 2 1 10492
2 1 1 10496
0 0 1 10496
0 3 1 10497
2 3 1 10499
0 1 1 10500
0 0 1 10504
0 2 1 10504
0 5 1 10504
2 3 1 10507
0 4 1 10509
0 8 1 10517
0 12 1 10524
0 13 1 10532
0 11 1 10539
0 15 1 10547
0 13 1 10554
0 17 1 10562
0 1 0 10566
0 12 1 10568
0 1 1 10573
0 13 1 10575
0 14 1 10582
0 15 1 10590
0 15 1 10597
0 1 1 10603
0 17 1 10605
0 17 1 10612
0 18 1 10620
0 19 1 10627
0 21 1 10634
0 22 1 10642
0 22 1 10650
0 23 1 10657
0 24 1 10665
0 25 1 10672
0 26 1 10680
0 2 1 10684
0 28 1 10687
0 28 1 10694
0 29 1 10701
1 19 1 10798
1 20 1 10805
1 21 1 10812
1 22 1 10820
1 23 1 10827
0 2 1 10914
0 1 1 10928
0 1 1 10936
0 1 1 10950
0 1 1 10957
0 3 1 10965
0 8 0 12160
0 7 1 12162
0 1 1 12164
0 3 1 12164
0 6 1 12165
0 1 1 12168
0 3 1 12168
0 3 0 12168
0 2 1 12172
0 4 1 12172
0 6 1 12172
0 9 1 12173
0 0 0 12176
0 8 1 12177
0 3 1 12180
0 6 1 12180
0 8 1 12180
0 11 1 12180
0 2 1 12183
0 8 1 12184
0 11 1 12184
0 7 1 12187
0 9 1 12187
0 12 1 12188
0 4 1 12190
0 9 1 12191
0 18 1 12192
0 5 1 12194
0 10 1 12195
0 12 1 12195
0 15 1 12195
0 9 1 12198
0 17 1 12200
0 10 1 12203
0 13 1 12203
0 16 1 12203
0 8 1 12206
0 13 1 12207
0 15 1 12208
0 18 1 12208
0 9 1 12210
0 14 1 12211
0 16 1 12211
0 19 1 12211
0 13 1 12215
0 16 1 12215
0 19 1 12215
0 14 1 12218
0 17 1 12218
0 20 1 12219
0 15 1 12222
0 18 1 12222
0 21 1 12223
0 16 1 12225
0 19 1 12226
0 22 1 12226
0 18 1 12230
0 20 1 12230
0 23 1 12231
0 18 1 12234
0 21 1 12234
0 24 1 12234
0 19 1 12238
0 22 1 12238
0 25 1 12238
0 20 1 12241
0 23 1 12241
0 26 1 12242
0 21 1 12246
0 24 1 12246
0 27 1 12246
0 22 1 12249
0 25 1 12249
0 28 1 12249
0 23 1 12253
0 26 1 12253
0 29 1 12253
0 24 1 12256
0 27 1 12256
1 1 1 12257
0 25 1 12261
0 28 1 12261
0 26 1 12264
0 29 1 12264
1 2 1 12264
0 27 1 12268
1 0 1 12268
0 28 1 12271
1 1 1 12272
1 4 1 12272
0 29 1 12275
1 2 1 12276
1 6 1 12276
1 1 1 12279
1 4 1 12279
1 4 1 12283
1 8 1 12283
1 3 1 12286
1 6 1 12286
1 8 1 12290
1 6 1 12293
1 9 1 12294
1 9 1 12298
1 8 1 12301
1 11 1 12302
1 9 1 12306
1 12 1 12306
1 10 1 12309
1 14 1 12310
1 9 1 12314
1 12 1 12314
1 16 1 12314
1 13 1 12317
1 16 1 12317
1 12 1 12322
1 15 1 12322
1 19 1 12322
1 14 1 12325
1 17 1 12325
1 15 1 12330
1 18 1 12331
1 14 1 12333
1 17 1 12334
0 0 0 12334
1 17 1 12339
1 20 1 12339
1 18 1 12343
1 21 1 12344
1 18 1 12347
1 21 1 12347
1 25 1 12347
1 19 1 12352
1 22 1 12352
1 26 1 12353
1 19 1 12355
1 22 1 12356
1 26 1 12356
1 20 1 12360
1 23 1 12361
1 27 1 12361
1 22 1 12364
1 25 1 12364
1 23 1 12369
1 26 1 12369
1 25 1 12374
1 28 1 12374
0 6 1 12375
1 25 1 12377
1 28 1 12378
0 2 1 12378
1 26 1 12382
1 29 1 12382
1 27 1 12385
2 0 1 12386
0 0 1 12386
1 28 1 12390
2 1 1 12391
0 1 1 12391
1 29 1 12394
2 2 1 12394
0 3 1 12394
2 1 1 12398
0 0 1 12398
0 3 1 12399
2 3 1 12402
0 1 1 12402
0 1 0 12402
2 3 1 12406
0 1 1 12406
0 4 1 12407
0 10 1 12411
0 9 1 12427
0 6 1 12435
0 8 1 12443
0 9 1 12451
0 10 1 12460
0 11 1 12467
0 1 1 12474
0 12 1 12476
0 2 0 12482
0 13 1 12484
0 14 1 12492
0 15 1 12500
0 22 1 12510
0 2 0 12515
0 17 1 12518
0 18 1 12527
0 19 1 12535
0 20 1 12543
0 21 1 12551
0 22 1 12559
0 23 1 12567
0 26 1 12593
0 27 1 12601
0 28 1 12609
0 29 1 12617
0 29 1 12625
1 22 1 12755
0 2 1 12861
0 1 1 12877
0 1 1 12885
0 1 1 12903
0 2 1 12911
0 3 1 12919
0 1 0 14115
0 7 1 14117
0 1 1 14120
0 3 1 14120
0 6 1 14120
0 1 1 14125
0 3 1 14125
0 5 1 14126
0 8 1 14126
0 2 1 14129
0 4 1 14129
0 6 1 14129
0 9 1 14129
0 4 1 14134
0 6 1 14134
0 9 1 14134
0 3 1 14137
0 6 1 14137
0 8 1 14137
0 0 0 14138
0 2 1 14142
0 7 1 14142
0 9 1 14142
0 12 1 14143
0 8 1 14148
0 10 1 14148
0 13 1 14148
0 4 1 14151
0 9 1 14151
0 11 1 14151
0 14 1 14152
0 5 1 14156
0 10 1 14156
0 12 1 14157
0 15 1 14157
0 9 1 14160
0 12 1 14160
0 15 1 14160
0 10 1 14164
0 13 1 14164
0 16 1 14165
0 8 1 14167
0 13 1 14168
0 5 0 14168
0 9 1 14172
0 14 1 14173
0 16 1 14173
0 19 1 14173
0 14 1 14177
0 16 1 14178
0 19 1 14178
0 14 1 14181
0 17 1 14181
0 20 1 14181
0 15 1 14186
0 18 1 14186
0 21 1 14186
0 16 1 14189
0 19 1 14189
0 22 1 14189
0 17 1 14195
0 20 1 14195
0 23 1 14195
0 18 1 14198
0 26 1 14200
0 19 1 14202
0 22 1 14203
0 25 1 14203
0 23 1 14208
0 26 1 14208
0 21 1 14211
0 24 1 14211
0 27 1 14211
0 22 1 14216
0 25 1 14216
0 28 1 14216
0 23 1 14219
0 26 1 14219
0 29 1 14220
0 24 1 14223
0 27 1 14224
1 1 1 14224
0 25 1 14227
0 28 1 14227
0 26 1 14231
0 29 1 14231
1 2 1 14232
0 27 1 14234
1 0 1 14235
0 28 1 14240
1 1 1 14240
1 4 1 14240
0 29 1 14243
1 2 1 14243
0 3 0 14244
1 1 1 14248
1 4 1 14248
1 5 1 14256
1 9 1 14256
1 5 1 14261
1 8 1 14261
1 6 1 14264
1 10 1 14264
1 7 1 14269
1 10 1 14269
1 6 1 14272
1 9 1 14272
1 10 1 14277
1 14 1 14277
1 9 1 14280
1 12 1 14280
1 11 1 14285
1 14 1 14286
1 12 1 14289
0 4 0 14289
1 11 1 14294
1 15 1 14294
1 19 1 14295
1 14 1 14299
1 17 1 14299
1 15 1 14302
1 18 1 14302
1 14 1 14307
1 17 1 14307
1 21 1 14307
1 17 1 14310
1 20 1 14310
1 17 1 14314
1 20 1 14315
1 24 1 14315
1 17 1 14318
1 20 1 14318
1 24 1 14318
1 18 1 14322
1 21 1 14323
1 25 1 14323
1 19 1 14326
1 22 1 14326
1 26 1 14326
1 20 1 14330
1 23 1 14331
1 27 1 14331
1 22 1 14334
1 25 1 14334
1 23 1 14339
1 26 1 14339
1 25 1 14344
1 28 1 14344
0 6 1 14345
1 25 1 14347
1 28 1 14347
0 2 1 14348
1 26 1 14352
1 29 1 14352
1 27 1 14355
2 0 1 14356
0 0 1 14356
1 28 1 14360
2 1 1 14361
0 1 1 14361
1 29 1 14364
2 2 1 14364
0 3 1 14364
2 1 1 14369
0 0 1 14369
0 3 1 14369
0 1 1 14374
0 4 1 14374
0 0 1 14377
0 2 1 14377
0 5 1 14377
2 3 1 14381
0 4 1 14389
0 5 1 14397
0 6 1 14405
0 8 1 14413
0 9 1 14421
0 10 1 14429
0 11 1 14437
0 11 1 14446
0 2 0 14452
0 13 1 14453
0 14 1 14461
0 15 1 14469
0 15 1 14477
0 1 1 14483
0 23 1 14487
0 18 1 14496
0 19 1 14503
0 20 1 14511
0 21 1 14519
0 22 1 14527
0 23 1 14535
0 24 1 14543
0 25 1 14551
0 26 1 14559
0 27 1 14567
0 5 1 14572
0 28 1 14575
0 0 0 14583
0 2 1 14832
0 1 1 14848
0 6 0 14855
0 1 1 14873
0 2 1 14881
0 3 1 14889
0 3 0 16084
0 7 1 16086
0 1 1 16089
0 3 1 16089
0 6 1 16090
0 1 1 16094
0 3 1 16095
0 5 1 16095
0 8 1 16095
0 2 1 16098
0 4 1 16098
0 6 1 16098
0 9 1 16098
0 4 1 16103
0 6 1 16103
0 9 1 16103
0 3 1 16106
0 6 1 16106
0 8 1 16107
0 11 1 16107
0 2 1 16111
0 7 1 16111
0 9 1 16112
0 12 1 16112
0 9 1 16117
0 12 1 16117
0 4 1 16119
0 9 1 16120
0 11 1 16120
0 14 1 16120
0 5 1 16125
0 10 1 16125
0 12 1 16125
0 15 1 16125
0 9 1 16128
0 12 1 16128
0 15 1 16129
0 10 1 16133
0 13 1 16134
0 16 1 16134
0 8 1 16137
0 13 1 16137
0 15 1 16137
0 9 1 16142
0 14 1 16142
0 16 1 16142
0 19 1 16143
0 14 1 16147
0 16 1 16147
0 19 1 16147
0 14 1 16150
0 17 1 16150
0 20 1 16151
0 15 1 16155
0 18 1 16155
0 21 1 16156
0 16 1 16158
0 19 1 16159
0 22 1 16159
0 17 1 16163
0 20 1 16164
0 23 1 16164
0 18 1 16167
0 21 1 16167
0 24 1 16167
0 19 1 16172
0 22 1 16172
0 25 1 16172
0 22 1 16177
0 24 1 16177
0 27 1 16178
0 21 1 16180
0 24 1 16181
0 27 1 16181
0 22 1 16185
0 25 1 16186
0 28 1 16186
0 23 1 16189
0 26 1 16189
0 29 1 16189
0 24 1 16194
0 27 1 16194
1 1 1 16195
0 25 1 16197
0 26 1 16202
0 29 1 16202
1 2 1 16203
0 29 1 16207
1 2 1 16207
0 28 1 16210
1 1 1 16210
1 2 1 16214
1 6 1 16215
1 1 1 16217
1 4 1 16218
1 4 1 16222
1 8 1 16222
1 4 1 16225
1 7 1 16225
1 6 1 16230
1 5 1 16233
1 8 1 16233
1 7 1 16238
1 10 1 16238
1 8 1 16241
1 11 1 16242
1 7 1 16246
1 10 1 16246
1 14 1 16247
1 11 1 16250
1 19 1 16250
1 10 1 16254
1 13 1 16254
1 17 1 16255
1 12 1 16258
1 15 1 16258
1 13 1 16263
1 16 1 16263
1 15 1 16267
1 19 1 16268
1 14 1 16271
1 17 1 16271
1 21 1 16271
1 16 1 16276
1 19 1 16276
1 16 1 16279
1 19 1 16279
1 23 1 16280
1 16 1 16284
1 19 1 16284
1 23 1 16284
1 17 1 16287
1 20 1 16287
1 24 1 16288
1 18 1 16292
1 21 1 16293
1 25 1 16293
1 19 1 16296
1 20 1 16300
1 23 1 16301
1 27 1 16301
1 23 1 16306
1 26 1 16306
1 23 1 16309
1 26 1 16309
1 24 1 16313
1 27 1 16314
0 6 1 16315
1 25 1 16317
1 28 1 16317
0 2 1 16318
1 26 1 16322
1 29 1 16322
2 3 1 16322
1 27 1 16325
2 0 1 16325
0 1 1 16326
1 28 1 16330
2 1 1 16330
0 1 1 16331
1 29 1 16333
0 2 0 16334
2 1 1 16338
0 0 1 16339
0 3 1 16339
2 3 1 16343
0 1 1 16344
0 4 1 16344
0 0 1 16347
0 2 1 16347
0 5 1 16347
2 3 1 16352
0 4 1 16361
0 5 1 16369
0 6 1 16377
0 8 1 16385
0 9 1 16394
0 16 1 16404
0 11 1 16412
0 11 1 16419
0 13 1 16427
0 14 1 16436
0 15 1 16443
0 15 1 16452
0 2 0 16457
0 17 1 16459
0 17 1 16467
0 18 1 16475
0 19 1 16484
0 24 1 16495
0 22 1 16503
0 23 1 16511
0 24 1 16519
0 25 1 16528
0 26 1 16536
0 27 1 16544
0 5 1 16549
0 28 1 16552
0 29 1 16560
1 22 1 16699
1 23 1 16708
0 1 1 16821
0 2 1 16829
0 1 1 16845
0 1 1 16853
0 3 1 16861
0 3 0 18056
0 7 1 18058
0 1 1 18061
0 3 1 18061
0 6 1 18061
0 1 1 18065
0 3 1 18066
0 5 1 18066
0 8 1 18066
0 2 1 18069
0 4 1 18069
0 6 1 18069
0 9 1 18069
0 4 1 18074
0 6 1 18074
0 9 1 18075
0 3 1 18077
0 6 1 18078
0 8 1 18078
0 11 1 18078
0 2 1 18082
0 7 1 18083
0 9 1 18083
0 12 1 18083
0 7 1 18086
0 9 1 18086
0 12 1 18086
0 4 1 18090
0 9 1 18090
0 11 1 18091
0 14 1 18091
0 5 1 18093
0 10 1 18094
0 6 0 18094
0 9 1 18099
0 12 1 18099
0 15 1 18099
0 10 1 18104
0 13 1 18105
0 16 1 18105
0 8 1 18107
0 13 1 18108
0 15 1 18108
0 18 1 18108
0 9 1 18112
0 14 1 18113
0 16 1 18113
0 19 1 18113
0 10 1 18116
0 15 1 18116
0 17 1 18116
0 2 0 18117
0 14 1 18121
0 17 1 18122
0 20 1 18122
0 16 1 18126
0 18 1 18127
0 21 1 18127
0 16 1 18130
0 19 1 18130
0 22 1 18130
0 17 1 18135
0 20 1 18135
0 23 1 18135
0 18 1 18138
0 21 1 18138
0 24 1 18139
0 19 1 18143
0 22 1 18143
0 25 1 18144
0 20 1 18146
0 23 1 18147
0 26 1 18147
0 21 1 18152
0 24 1 18152
0 27 1 18152
0 23 1 18157
0 25 1 18157
0 28 1 18157
0 23 1 18160
0 26 1 18160
0 29 1 18160
0 24 1 18165
0 27 1 18165
1 1 1 18166
0 25 1 18168
0 28 1 18168
0 26 1 18173
0 29 1 18173
1 2 1 18174
0 27 1 18176
1 0 1 18177
0 28 1 18181
1 1 1 18181
1 4 1 18182
0 29 1 18184
1 2 1 18185
0 4 0 18185
1 1 1 18189
1 4 1 18190
1 4 1 18195
1 8 1 18195
1 3 1 18198
1 6 1 18198
1 6 1 18203
1 10 1 18203
1 5 1 18206
1 8 1 18206
1 7 1 18212
1 10 1 18212
1 9 1 18220
1 12 1 18220
1 11 1 18224
1 15 1 18225
1 10 1 18227
1 13 1 18228
1 17 1 18228
1 13 1 18232
1 17 1 18233
1 12 1 18235
1 15 1 18236
1 19 1 18236
1 14 1 18240
1 17 1 18241
1 15 1 18244
1 18 1 18244
1 14 1 18249
1 17 1 18249
1 21 1 18249
1 17 1 18252
1 20 1 18253
1 17 1 18257
1 20 1 18257
1 24 1 18258
1 17 1 18260
1 18 1 18265
1 21 1 18265
1 25 1 18266
1 19 1 18271
1 22 1 18271
1 26 1 18271
1 20 1 18274
1 23 1 18274
1 27 1 18275
1 22 1 18279
1 25 1 18279
1 29 1 18280
1 23 1 18282
1 26 1 18283
0 4 0 18283
1 24 1 18287
1 27 1 18288
0 0 0 18291
0 2 1 18293
1 26 1 18295
1 29 1 18295
1 29 1 18300
2 2 1 18300
0 3 1 18301
1 28 1 18303
2 1 1 18303
0 1 1 18304
2 0 1 18308
2 3 1 18308
2 2 1 18311
0 1 1 18312
0 12 1 18313
2 2 1 18316
0 1 1 18316
0 4 1 18317
0 0 1 18319
0 2 1 18320
0 5 1 18320
2 3 1 18325
0 4 1 18333
0 5 1 18341
0 6 1 18349
0 8 1 18357
0 9 1 18365
0 10 1 18372
0 11 1 18381
0 1 1 18387
0 12 1 18388
0 2 0 18395
0 19 1 18399
0 14 1 18406
0 15 1 18414
0 16 1 18423
0 2 0 18429
0 17 1 18431
0 17 1 18439
0 18 1 18447
0 19 1 18455
0 21 1 18463
0 22 1 18472
0 29 1 18482
0 24 1 18489
0 25 1 18497
0 26 1 18506
0 27 1 18514
0 28 1 18522
0 29 1 18530
1 19 1 18645
0 4 1 18792
0 2 1 18801
0 1 1 18817
0 2 1 18825
0 3 1 18833
0 3 0 20029
0 7 1 20031
0 1 1 20034
0 3 1 20034
0 6 1 20034
0 1 1 20039
0 3 1 20039
0 5 1 20039
0 8 1 20040
0 2 1 20042
0 4 1 20043
0 6 1 20043
0 9 1 20043
0 4 1 20048
0 6 1 20048
0 9 1 20048
0 3 1 20051
0 6 1 20051
0 8 1 20051
0 2 1 20056
0 7 1 20056
0 9 1 20056
0 12 1 20056
0 8 1 20061
0 10 1 20061
0 13 1 20061
0 4 1 20064
0 9 1 20064
0 11 1 20065
0 14 1 20065
0 5 1 20069
0 10 1 20070
0 12 1 20070
0 15 1 20070
0 9 1 20073
0 12 1 20073
0 15 1 20073
0 10 1 20078
0 13 1 20078
0 16 1 20078
0 8 1 20081
0 13 1 20081
0 1 0 20082
0 9 1 20086
0 14 1 20087
0 16 1 20087
0 19 1 20087
0 13 1 20092
0 16 1 20092
0 19 1 20092
0 14 1 20095
0 17 1 20095
0 20 1 20096
0 15 1 20099
0 18 1 20100
0 21 1 20100
0 16 1 20103
0 19 1 20103
0 22 1 20103
0 17 1 20107
0 20 1 20108
0 23 1 20108
0 18 1 20111
0 21 1 20111
0 24 1 20111
0 19 1 20116
0 22 1 20116
0 25 1 20116
0 20 1 20119
0 23 1 20119
0 0 0 20119
0 21 1 20124
0 24 1 20125
0 27 1 20125
0 22 1 20130
0 25 1 20130
0 28 1 20130
0 23 1 20133
0 26 1 20133
0 29 1 20133
0 24 1 20138
0 27 1 20138
1 1 1 20139
0 25 1 20141
0 28 1 20142
0 26 1 20146
0 29 1 20147
1 2 1 20147
0 27 1 20149
0 28 1 20154
1 1 1 20154
1 5 1 20155
1 1 1 20160
1 4 1 20160
1 2 1 20163
1 6 1 20163
1 3 1 20168
1 6 1 20168
1 4 1 20171
1 8 1 20172
1 5 1 20176
1 8 1 20176
1 6 1 20179
1 10 1 20179
1 7 1 20184
1 10 1 20184
1 6 1 20187
1 9 1 20187
0 7 0 20188
1 10 1 20192
1 9 1 20195
0 0 0 20195
1 11 1 20199
1 14 1 20200
1 17 1 20204
1 13 1 20207
1 16 1 20208
1 14 1 20212
1 16 1 20212
1 20 1 20213
1 15 1 20215
1 18 1 20216
1 14 1 20221
1 17 1 20221
1 21 1 20221
1 17 1 20224
1 20 1 20224
1 17 1 20229
1 20 1 20229
1 24 1 20229
1 17 1 20232
1 20 1 20232
1 24 1 20233
1 18 1 20237
1 21 1 20237
1 25 1 20237
1 19 1 20240
1 27 1 20242
1 20 1 20245
1 23 1 20245
1 27 1 20246
1 22 1 20250
1 25 1 20250
1 29 1 20251
1 23 1 20253
1 26 1 20254
1 24 1 20258
1 27 1 20258
0 6 1 20259
1 25 1 20261
1 28 1 20261
0 2 1 20262
1 26 1 20266
1 29 1 20267
2 3 1 20267
1 27 1 20270
2 0 1 20270
0 1 1 20270
1 28 1 20275
2 1 1 20275
0 1 1 20275
1 29 1 20278
2 2 1 20283
0 1 1 20283
0 12 1 20284
2 2 1 20288
0 1 1 20288
0 4 1 20288
0 0 1 20291
0 2 1 20291
0 5 1 20292
2 3 1 20296
0 4 1 20304
0 5 1 20312
0 6 1 20320
0 8 1 20329
0 9 1 20337
0 10 1 20345
0 11 1 20353
0 1 1 20360
0 15 1 20363
0 2 0 20368
0 13 1 20371
0 13 1 20379
0 15 1 20388
0 15 1 20396
0 2 0 20402
0 17 1 20404
0 17 1 20412
0 18 1 20420
0 19 1 20428
0 20 1 20436
0 22 1 20444
0 24 1 20462
0 25 1 20470
0 26 1 20478
0 27 1 20486
0 28 1 20494
0 29 1 20502
1 19 1 20616
1 20 1 20624
1 21 1 20632
1 22 1 20640
1 23 1 20648
0 2 1 20746
0 2 1 20772
0 1 1 20788
0 2 1 20796
0 3 1 20804
0 1 0 22000
0 7 1 22001
0 1 1 22004
0 3 1 22004
0 6 1 22005
0 2 1 22009
0 4 1 22009
0 7 1 22010
0 2 1 22012
0 4 1 22013
0 6 1 22013
0 9 1 22013
0 5 1 22018
0 7 1 22018
0 10 1 22018
0 4 1 22021
0 7 1 22021
0 10 1 22021
0 2 1 22026
0 7 1 22026
0 9 1 22026
0 12 1 22026
0 7 1 22029
0 9 1 22029
0 2 0 22030
0 4 1 22034
0 9 1 22034
0 11 1 22034
0 14 1 22035
0 0 0 22037
0 10 1 22040
0 12 1 22040
0 15 1 22040
0 9 1 22043
0 12 1 22043
0 15 1 22043
0 10 1 22048
0 13 1 22048
0 16 1 22049
0 8 1 22051
0 13 1 22052
0 15 1 22052
0 18 1 22052
0 9 1 22056
0 14 1 22057
0 16 1 22057
0 19 1 22057
0 10 1 22060
0 17 1 22062
0 20 1 22062
0 14 1 22065
0 17 1 22065
0 20 1 22065
0 16 1 22069
0 18 1 22070
0 21 1 22070
0 16 1 22073
0 19 1 22073
0 22 1 22073
0 17 1 22078
0 20 1 22078
0 23 1 22078
0 18 1 22081
0 21 1 22082
0 24 1 22082
0 19 1 22086
0 22 1 22087
0 25 1 22087
0 20 1 22090
0 23 1 22090
0 6 0 22090
0 21 1 22095
0 24 1 22095
0 27 1 22095
0 23 1 22100
0 25 1 22100
0 28 1 22100
0 23 1 22103
0 26 1 22103
0 29 1 22104
0 24 1 22108
0 27 1 22108
1 1 1 22109
0 25 1 22111
0 28 1 22111
0 26 1 22115
0 29 1 22116
1 2 1 22116
0 27 1 22119
1 0 1 22119
0 28 1 22124
1 1 1 22124
1 4 1 22124
0 29 1 22127
1 2 1 22127
1 6 1 22127
1 1 1 22132
1 4 1 22132
1 4 1 22135
0 0 0 22135
1 3 1 22139
1 6 1 22140
1 6 1 22143
0 4 0 22143
1 5 1 22148
1 8 1 22148
1 8 1 22153
1 12 1 22153
1 7 1 22156
1 10 1 22156
1 9 1 22161
1 12 1 22161
1 10 1 22164
1 14 1 22165
1 9 1 22169
1 12 1 22169
1 16 1 22170
1 13 1 22173
1 16 1 22173
1 12 1 22177
1 15 1 22178
1 19 1 22178
0 0 0 22181
1 17 1 22183
1 15 1 22186
1 18 1 22186
1 16 1 22191
1 19 1 22192
1 15 1 22195
1 18 1 22195
1 22 1 22195
1 18 1 22200
1 21 1 22200
1 17 1 22203
1 20 1 22203
0 2 0 22203
1 18 1 22208
1 21 1 22208
1 25 1 22208
1 21 1 22213
1 24 1 22213
1 21 1 22216
1 24 1 22216
1 28 1 22217
1 22 1 22221
1 25 1 22221
1 29 1 22222
1 23 1 22225
1 26 1 22225
1 24 1 22230
1 27 1 22230
0 6 1 22231
1 25 1 22233
1 28 1 22233
1 26 1 22238
1 29 1 22238
1 27 1 22241
0 0 0 22241
0 1 1 22243
1 28 1 22246
2 1 1 22246
0 1 1 22247
1 29 1 22251
2 2 1 22251
0 3 1 22251
2 1 1 22254
0 0 1 22254
0 3 1 22255
2 3 1 22259
0 1 1 22259
0 4 1 22260
2 3 1 22262
0 1 1 22263
0 4 1 22263
0 3 1 22268
0 4 1 22276
0 5 1 22284
0 6 1 22292
0 8 1 22300
0 9 1 22308
0 10 1 22316
0 11 1 22324
0 1 1 22331
0 15 1 22334
0 2 0 22339
0 13 1 22342
0 14 1 22350
0 15 1 22358
0 15 1 22366
0 2 0 22373
0 17 1 22375
0 17 1 22383
0 18 1 22391
0 19 1 22399
0 20 1 22407
0 22 1 22415
0 23 1 22425
0 24 1 22433
0 25 1 22441
0 26 1 22449
0 27 1 22457
0 28 1 22465
0 29 1 22473
1 20 1 22595
1 21 1 22603
1 22 1 22611
0 2 0 22717
0 2 1 22743
0 1 1 22759
0 2 1 22767
0 3 1 22776
0 5 0 23972
0 7 1 23973
0 1 1 23976
0 3 1 23976
0 6 1 23977
0 2 1 23981
0 4 1 23981
0 7 1 23982
0 2 1 23985
0 4 1 23985
0 6 1 23985
0 9 1 23985
0 5 1 23989
0 7 1 23990
0 10 1 23990
0 4 1 23993
0 7 1 23993
0 10 1 23993
0 2 1 23998
0 7 1 23998
0 9 1 23998
0 12 1 23998
0 7 1 24001
0 9 1 24001
0 1 0 24002
0 4 1 24006
0 9 1 24006
0 11 1 24006
0 14 1 24007
0 1 0 24009
0 10 1 24011
0 12 1 24012
0 15 1 24012
0 9 1 24015
0 12 1 24015
0 15 1 24015
0 10 1 24019
0 13 1 24020
0 16 1 24020
0 8 1 24023
0 13 1 24023
0 15 1 24023
0 18 1 24023
0 9 1 24028
0 14 1 24028
0 16 1 24028
0 19 1 24029
0 10 1 24031
0 15 1 24031
0 17 1 24032
0 14 1 24036
0 17 1 24037
0 20 1 24037
0 16 1 24042
0 18 1 24042
0 21 1 24042
0 16 1 24045
0 19 1 24045
0 22 1 24045
0 17 1 24050
0 20 1 24051
0 23 1 24051
0 18 1 24054
0 21 1 24054
0 24 1 24054
0 19 1 24058
0 22 1 24059
0 25 1 24059
0 20 1 24062
0 28 1 24064
0 21 1 24066
0 24 1 24067
0 27 1 24067
0 25 1 24071
0 28 1 24072
0 23 1 24074
0 26 1 24075
0 29 1 24075
0 24 1 24079
0 27 1 24080
1 1 1 24080
0 25 1 24083
0 28 1 24083
0 26 1 24088
0 29 1 24088
1 2 1 24088
0 27 1 24091
1 0 1 24091
0 28 1 24096
1 1 1 24096
1 4 1 24097
0 29 1 24099
1 2 1 24100
0 6 0 24100
1 1 1 24104
1 4 1 24104
1 4 1 24112
1 7 1 24113
1 5 1 24117
1 8 1 24118
1 6 1 24120
1 10 1 24121
1 5 1 24125
1 8 1 24125
1 9 1 24128
1 13 1 24129
1 8 1 24133
1 11 1 24133
1 10 1 24136
1 13 1 24137
1 11 1 24142
1 14 1 24142
1 10 1 24145
1 13 1 24145
0 2 0 24145
1 14 1 24150
1 18 1 24150
1 14 1 24154
1 17 1 24154
1 15 1 24157
1 18 1 24158
1 16 1 24162
1 19 1 24162
1 16 1 24165
1 19 1 24165
1 23 1 24166
1 17 1 24170
1 20 1 24170
1 24 1 24171
1 17 1 24173
1 20 1 24174
1 24 1 24174
1 19 1 24178
1 22 1 24178
1 26 1 24178
1 20 1 24181
1 23 1 24181
1 27 1 24182
1 21 1 24185
1 24 1 24186
1 28 1 24186
1 22 1 24189
1 25 1 24189
1 29 1 24189
1 23 1 24194
1 26 1 24194
1 24 1 24197
1 27 1 24197
0 2 0 24198
1 25 1 24202
1 28 1 24202
0 2 1 24202
1 26 1 24205
1 29 1 24205
2 3 1 24205
1 27 1 24210
2 0 1 24210
0 1 1 24211
2 2 1 24215
0 5 1 24216
1 29 1 24218
2 2 1 24219
0 3 1 24219
2 1 1 24223
0 0 1 24224
0 3 1 24224
2 3 1 24227
0 1 1 24227
0 4 1 24227
0 0 1 24232
0 2 1 24233
0 5 1 24233
2 3 1 24236
0 10 1 24238
0 5 1 24245
0 5 1 24254
0 6 1 24262
0 8 1 24270
0 9 1 24278
0 10 1 24286
0 11 1 24294
0 1 1 24301
0 12 1 24302
0 2 0 24309
0 13 1 24310
0 14 1 24318
0 21 1 24329
0 16 1 24337
0 0 0 24341
0 17 1 24345
0 17 1 24352
0 18 1 24361
0 19 1 24369
0 20 1 24376
0 22 1 24384
0 22 1 24392
0 23 1 24400
0 24 1 24408
0 25 1 24416
0 26 1 24424
0 4 1 24429
0 4 0 24432
1 19 1 24553
0 0 0 24560
1 26 1 24611
1 27 1 24619
1 28 1 24627
0 4 1 24700
0 2 1 24708
0 1 1 24723
0 2 1 24731
0 3 1 24739
0 5 0 25934
0 7 1 25937
0 1 1 25940
0 3 1 25940
0 6 1 25940
0 1 1 25944
0 3 1 25944
0 5 1 25945
0 8 1 25945
0 2 1 25948
0 4 1 25948
0 6 1 25948
0 9 1 25948
0 4 1 25953
0 6 1 25953
0 9 1 25953
0 3 1 25956
0 6 1 25956
0 8 1 25957
0 0 0 25957
0 2 1 25961
0 7 1 25962
0 9 1 25962
0 12 1 25962
0 7 1 25967
0 9 1 25967
0 12 1 25968
0 6 1 25970
0 9 1 25971
0 11 1 25971
0 14 1 25971
0 5 1 25975
0 10 1 25975
0 12 1 25976
0 15 1 25976
0 9 1 25979
0 12 1 25979
0 15 1 25979
0 10 1 25984
0 13 1 25984
0 16 1 25985
0 11 1 25989
0 14 1 25989
0 17 1 25990
0 9 1 25992
0 14 1 25993
0 16 1 25993
0 19 1 25993
0 10 1 25997
0 15 1 25997
0 17 1 25998
0 20 1 25998
0 14 1 26001
0 17 1 26001
0 20 1 26001
0 15 1 26005
0 18 1 26006
0 21 1 26006
0 16 1 26009
0 19 1 26009
0 22 1 26009
0 17 1 26013
0 20 1 26014
0 23 1 26014
0 18 1 26017
0 21 1 26017
0 9 0 26017
0 19 1 26021
0 22 1 26021
0 25 1 26022
0 20 1 26025
0 3 0 26025
0 21 1 26029
0 24 1 26030
0 27 1 26030
0 24 1 26035
0 26 1 26035
0 29 1 26035
0 23 1 26038
0 26 1 26038
0 29 1 26038
0 24 1 26043
0 27 1 26043
1 1 1 26043
0 25 1 26046
0 28 1 26046
0 26 1 26051
0 29 1 26051
1 2 1 26052
0 27 1 26054
1 0 1 26055
0 1 0 26055
0 28 1 26060
1 1 1 26060
1 4 1 26060
1 2 1 26065
1 1 1 26068
1 4 1 26068
1 4 1 26072
1 8 1 26073
1 3 1 26076
1 6 1 26076
1 5 1 26081
1 8 1 26081
1 6 1 26084
1 9 1 26084
1 7 1 26088
1 11 1 26088
1 6 1 26091
1 9 1 26091
1 10 1 26096
1 14 1 26096
1 9 1 26099
1 12 1 26099
1 11 1 26104
1 14 1 26104
1 12 1 26107
1 15 1 26107
1 11 1 26112
1 14 1 26112
1 18 1 26113
1 20 1 26118
1 15 1 26120
1 18 1 26121
1 16 1 26125
1 19 1 26126
1 15 1 26128
1 18 1 26129
1 22 1 26129
1 18 1 26134
1 21 1 26134
1 18 1 26137
1 21 1 26137
1 25 1 26137
1 19 1 26142
1 22 1 26142
1 26 1 26143
1 19 1 26145
1 22 1 26146
0 1 0 26146
1 20 1 26150
1 23 1 26151
1 27 1 26151
1 23 1 26155
1 26 1 26156
1 23 1 26158
1 26 1 26159
1 24 1 26163
1 27 1 26164
0 6 1 26165
1 25 1 26167
1 28 1 26167
0 2 1 26168
1 26 1 26172
1 29 1 26172
2 3 1 26172
1 27 1 26175
2 0 1 26175
0 1 1 26176
1 28 1 26180
2 1 1 26180
0 1 1 26181
1 29 1 26183
2 2 1 26184
2 1 1 26189
0 0 1 26189
0 3 1 26189
2 3 1 26193
0 1 1 26194
0 4 1 26194
0 0 1 26197
0 2 1 26197
0 5 1 26197
2 3 1 26202
0 4 1 26211
0 5 1 26219
0 6 1 26227
0 8 1 26235
0 9 1 26243
0 10 1 26250
0 11 1 26259
0 1 1 26266
0 18 1 26269
0 2 0 26274
0 13 1 26277
0 14 1 26284
0 15 1 26292
0 16 1 26300
0 1 1 26304
0 17 1 26308
0 17 1 26316
0 18 1 26324
0 19 1 26332
0 20 1 26340
0 21 1 26348
0 22 1 26356
0 23 1 26365
0 26 1 26382
0 27 1 26391
0 2 1 26394
0 28 1 26399
0 29 1 26407
1 19 1 26521
1 20 1 26529
1 21 1 26537
1 22 1 26545
1 23 1 26552
0 2 1 26650
0 1 1 26665
0 1 1 26673
0 1 1 26690
0 2 1 26699
0 3 1 26708
0 4 0 27904
0 7 1 27906
0 1 1 27909
0 3 1 27909
0 6 1 27909
0 1 1 27914
0 3 1 27914
0 5 1 27914
0 8 1 27914
0 2 1 27917
0 4 1 27917
0 6 1 27918
0 9 1 27918
0 4 1 27922
0 6 1 27922
0 9 1 27923
0 3 1 27925
0 6 1 27926
0 8 1 27926
0 11 1 27926
0 2 1 27931
0 7 1 27931
0 9 1 27931
0 12 1 27932
0 8 1 27936
0 10 1 27937
0 13 1 27937
0 4 1 27939
0 9 1 27940
0 11 1 27940
0 14 1 27940
0 5 1 27944
0 10 1 27945
0 12 1 27945
0 15 1 27945
0 9 1 27948
0 12 1 27948
0 15 1 27948
0 10 1 27953
0 13 1 27953
0 16 1 27954
0 8 1 27956
0 13 1 27957
0 22 1 27959
0 9 1 27962
0 14 1 27962
0 16 1 27962
0 19 1 27963
0 10 1 27967
0 15 1 27968
0 17 1 27968
0 20 1 27968
0 14 1 27971
0 17 1 27971
0 20 1 27971
0 15 1 27976
0 18 1 27976
0 21 1 27977
0 16 1 27979
0 21 1 27982
0 17 1 27984
0 20 1 27985
0 23 1 27985
0 18 1 27989
0 21 1 27990
0 24 1 27990
0 19 1 27993
0 22 1 27993
0 25 1 27993
0 20 1 27998
0 23 1 27998
0 26 1 27998
0 21 1 28001
0 24 1 28001
0 27 1 28002
0 22 1 28006
0 25 1 28007
0 28 1 28007
0 25 1 28011
0 27 1 28012
0 24 1 28014
0 27 1 28015
1 1 1 28015
0 26 1 28019
0 28 1 28019
0 26 1 28022
0 29 1 28023
1 2 1 28023
0 27 1 28027
1 0 1 28027
1 4 1 28028
0 28 1 28030
1 1 1 28031
0 29 1 28035
1 2 1 28036
1 5 1 28036
1 1 1 28039
1 4 1 28039
1 3 1 28043
1 6 1 28044
1 5 1 28047
1 9 1 28047
1 4 1 28051
1 7 1 28051
1 6 1 28054
1 9 1 28055
1 7 1 28059
1 10 1 28060
1 10 1 28064
1 9 1 28067
1 12 1 28068
1 10 1 28072
1 14 1 28072
1 11 1 28075
1 14 1 28075
1 12 1 28080
1 15 1 28081
1 11 1 28083
1 14 1 28084
1 18 1 28084
1 15 1 28088
1 19 1 28089
1 14 1 28091
1 17 1 28092
1 21 1 28092
1 16 1 28096
1 19 1 28097
1 16 1 28100
1 19 1 28100
0 5 0 28100
1 16 1 28104
1 19 1 28105
1 23 1 28105
1 17 1 28108
1 18 1 28113
1 21 1 28113
1 25 1 28113
1 19 1 28117
1 22 1 28118
1 26 1 28118
1 20 1 28121
1 23 1 28121
1 27 1 28121
1 22 1 28126
1 25 1 28126
1 29 1 28126
1 23 1 28129
1 26 1 28129
1 24 1 28134
1 27 1 28134
0 6 1 28135
1 25 1 28137
1 28 1 28138
1 26 1 28142
1 29 1 28143
1 27 1 28146
0 0 1 28148
1 28 1 28151
2 1 1 28151
0 1 1 28151
2 0 1 28155
2 3 1 28156
2 2 1 28159
0 1 1 28159
0 12 1 28160
2 2 1 28163
0 1 1 28163
0 4 1 28164
0 0 1 28167
0 2 1 28167
0 5 1 28167
2 3 1 28171
0 4 1 28180
0 5 1 28188
0 6 1 28196
0 8 1 28204
0 9 1 28212
0 10 1 28220
0 11 1 28228
0 1 1 28235
0 12 1 28238
0 2 0 28243
0 13 1 28246
0 13 1 28255
0 15 1 28263
0 15 1 28271
0 2 0 28277
0 17 1 28279
0 17 1 28287
0 18 1 28295
0 19 1 28303
0 20 1 28311
0 21 1 28319
0 22 1 28327
0 28 1 28344
0 29 1 28352
0 27 1 28360
0 2 1 28363
0 28 1 28367
0 29 1 28375
1 22 1 28512
1 23 1 28521
1 25 1 28537
1 26 1 28545
1 27 1 28553
0 2 1 28618
0 1 1 28634
0 1 1 28642
0 1 1 28658
0 2 1 28666
0 3 1 28674
0 2 0 29873
0 7 1 29875
0 1 1 29878
0 3 1 29878
0 6 1 29878
0 1 1 29883
0 3 1 29884
0 5 1 29884
0 8 1 29884
0 2 1 29887
0 4 1 29887
0 6 1 29887
0 9 1 29887
0 4 1 29892
0 6 1 29892
0 9 1 29893
0 7 1 29897
0 10 1 29898
0 2 1 29900
0 7 1 29901
0 9 1 29901
0 12 1 29901
0 7 1 29905
0 9 1 29905
0 12 1 29906
0 4 1 29908
0 9 1 29909
0 11 1 29909
0 14 1 29909
0 5 1 29913
0 10 1 29914
0 12 1 29914
0 15 1 29914
0 9 1 29917
0 12 1 29917
0 15 1 29918
0 10 1 29922
0 13 1 29922
0 16 1 29923
0 8 1 29925
0 16 1 29928
0 9 1 29930
0 14 1 29931
0 16 1 29931
0 19 1 29931
0 13 1 29935
0 16 1 29936
0 19 1 29936
0 14 1 29939
0 17 1 29939
0 20 1 29939
0 15 1 29944
0 18 1 29944
0 21 1 29944
0 16 1 29947
0 19 1 29947
0 22 1 29947
0 17 1 29952
0 20 1 29952
0 23 1 29953
0 18 1 29956
0 23 1 29958
0 19 1 29961
0 22 1 29961
0 25 1 29961
0 20 1 29966
0 23 1 29966
0 26 1 29966
0 21 1 29969
0 24 1 29969
0 27 1 29969
0 22 1 29974
0 25 1 29974
0 28 1 29974
0 23 1 29977
0 26 1 29977
0 29 1 29978
0 24 1 29982
0 27 1 29982
1 1 1 29983
0 25 1 29985
0 28 1 29986
0 7 0 29986
0 26 1 29990
0 29 1 29990
0 27 1 29993
1 0 1 29993
0 4 0 29994
0 28 1 29998
1 1 1 29998
1 5 1 29998
0 29 1 30001
1 2 1 30006
1 5 1 30006
1 4 1 30011
1 4 1 30014
1 7 1 30014
1 5 1 30018
1 8 1 30019
1 6 1 30022
1 9 1 30022
1 5 1 30027
1 8 1 30027
1 9 1 30030
1 13 1 30030
1 8 1 30035
1 11 1 30035
1 10 1 30038
1 13 1 30038
1 11 1 30043
1 14 1 30043
1 10 1 30046
1 13 1 30046
0 6 0 30047
1 14 1 30051
1 18 1 30051
1 16 1 30056
1 20 1 30056
1 15 1 30059
1 18 1 30059
1 16 1 30064
1 19 1 30064
1 15 1 30067
1 18 1 30067
1 22 1 30067
1 18 1 30072
1 21 1 30072
1 17 1 30075
1 20 1 30076
1 24 1 30076
1 18 1 30080
1 21 1 30081
1 25 1 30081
1 19 1 30084
1 22 1 30084
0 2 0 30084
1 20 1 30088
1 23 1 30089
1 27 1 30089
0 0 0 30092
1 28 1 30094
1 23 1 30096
1 26 1 30097
1 25 1 30101
1 28 1 30101
1 25 1 30104
1 28 1 30105
0 2 1 30105
1 26 1 30110
1 29 1 30110
1 27 1 30113
2 0 1 30113
0 0 1 30114
1 28 1 30118
2 1 1 30118
0 1 1 30119
1 29 1 30121
2 2 1 30122
0 3 1 30122
2 1 1 30126
0 0 1 30126
0 3 1 30127
2 3 1 30130
0 8 1 30132
2 3 1 30134
0 1 1 30135
0 4 1 30135
0 3 1 30140
0 4 1 30147
0 5 1 30156
0 6 1 30164
0 8 1 30172
0 9 1 30181
0 10 1 30189
0 11 1 30197
0 1 1 30204
0 2 0 30212
0 13 1 30215
0 14 1 30224
0 15 1 30232
0 15 1 30241
0 2 0 30247
0 17 1 30249
0 17 1 30256
0 18 1 30264
0 19 1 30272
0 20 1 30280
0 23 1 30297
0 24 1 30306
0 25 1 30314
0 26 1 30322
0 27 1 30330
0 28 1 30338
0 29 1 30346
1 23 1 30490
1 26 1 30512
1 26 1 82202
