26 1 0 0 467
29 0 0 0 474
22 1 0 0 481
20 0 0 0 489
25 0 0 0 527
22 1 0 0 534
20 0 0 0 542
16 1 0 0 580
18 0 0 0 639
19 1 0 0 640
29 0 0 0 654
23 1 0 0 662
28 1 0 0 670
14 0 0 0 677
27 1 0 0 678
28 0 0 0 692
24 1 0 0 693
26 1 0 0 723
22 0 0 0 745
16 1 0 0 753
18 0 0 0 790
17 0 0 0 797
28 1 0 0 798
29 0 0 0 805
20 1 0 0 828
22 0 0 0 835
15 0 0 0 850
17 0 0 0 887
21 1 0 0 888
24 0 0 0 903
24 0 0 0 940
28 1 0 0 941
20 1 0 0 970
24 0 0 0 978
21 1 0 0 986
16 0 0 0 1023
25 0 0 0 1030
24 1 0 0 1039
27 0 0 0 1068
24 0 0 0 1076
23 0 0 0 1083
25 1 0 0 1106
28 0 0 0 1113
27 12 0 0 1114
19 4 0 0 1122
22 1 0 0 1123
27 0 0 0 1173
19 1 0 0 1189
9 0 0 0 1196
24 1 0 0 1204
27 0 0 0 1211
20 1 0 0 1219
27 0 0 0 1241
26 1 0 0 1249
20 0 0 0 1271
28 1 0 0 1272
25 0 0 0 1279
17 1 0 0 1287
28 0 0 0 1301
21 1 0 0 1302
27 0 0 0 1316
28 1 0 0 1324
20 0 0 0 1339
14 1 0 0 1354
25 0 0 0 1361
27 1 0 0 1369
28 0 0 0 1391
25 0 0 0 1444
27 1 0 0 1445
5 4 0 0 1460
18 65 0 0 1461
29 0 0 0 1467
26 0 0 0 1482
17 0 0 0 1512
23 0 0 0 1527
24 0 0 0 1534
13 1 0 0 1549
25 0 0 0 1564
27 1 0 0 1565
24 0 0 0 1572
29 1 0 0 1580
19 0 0 0 1602
27 0 0 0 1624
17 0 0 0 1647
23 0 0 0 1670
25 1 0 0 1692
26 0 0 0 1700
25 0 0 0 1715
21 1 0 0 1723
24 0 0 0 1760
18 0 0 0 1768
18 0 0 0 1782
26 1 0 0 1790
16 0 0 0 1813
20 0 0 0 1820
23 1 0 0 1821
1 65 0 0 1822
19 0 0 0 1828
28 0 0 0 1850
22 1 0 0 1851
28 0 0 0 1880
4 1 0 0 1888
18 0 0 0 1903
22 1 0 0 1911
20 0 0 0 1933
22 1 0 0 1949
23 0 0 0 1955
24 1 0 0 1956
16 0 0 0 1963
19 1 0 0 1964
20 0 0 0 1971
25 1 0 0 1979
24 0 0 0 2016
26 0 0 0 2023
21 1 0 0 2031
25 0 0 0 2038
19 1 0 0 2039
23 0 0 0 2053
24 1 0 0 2054
22 0 0 0 2061
27 0 0 0 2106
23 1 0 0 2137
18 0 0 0 2151
17 1 0 0 2152
15 0 0 0 2166
24 1 0 0 2174
5 4 0 0 2198
27 65 0 0 2199
7 1 0 0 2204
24 0 0 0 2211
21 1 0 0 2212
22 0 0 0 2219
20 0 0 0 2241
17 0 0 0 2286
25 1 0 0 2287
25 1 0 0 2317
22 0 0 0 2332
20 1 0 0 2339
25 0 0 0 2362
23 1 0 0 2370
25 0 0 0 2384
0 1 0 0 2392
14 0 0 0 2399
18 1 0 0 2400
20 0 0 0 2429
10 64 0 0 2474
15 4 0 0 2476
5 1 0 0 2598
14 0 0 0 2600
12 0 0 0 2615
24 1 0 0 2623
28 0 0 0 2630
19 1 0 0 2631
14 0 0 0 2660
28 1 0 0 2668
22 0 0 0 2675
26 1 0 0 2690
27 1 0 0 2705
27 0 0 0 2720
21 1 0 0 2721
19 0 0 0 2735
28 1 0 0 2736
17 0 0 0 2743
29 1 0 0 2751
22 0 0 0 2758
20 0 0 0 2765
25 1 0 0 2766
24 0 0 0 2773
19 1 0 0 2781
28 0 0 0 2788
8 0 0 0 2810
22 1 0 0 2811
14 0 0 0 2825
27 1 0 0 2856
17 0 0 0 2863
26 1 0 0 2864
24 0 0 0 2878
15 0 0 0 2938
29 1 0 0 2939
23 0 0 0 2961
2 12 0 0 2970
22 65 0 0 3050
18 0 0 0 3052
25 1 0 0 3053
29 0 0 0 3067
22 1 0 0 3068
18 0 0 0 3075
23 1 0 0 3083
27 0 0 0 3105
24 1 0 0 3128
14 0 0 0 3180
21 1 0 0 3181
17 0 0 0 3187
22 1 0 0 3188
26 0 0 0 3195
20 0 0 0 3210
27 1 0 0 3211
28 0 0 0 3218
18 0 0 0 3232
26 1 0 0 3233
16 0 0 0 3240
27 1 0 0 3241
23 0 0 0 3248
13 0 0 0 3285
29 1 0 0 3286
22 0 0 0 3293
27 1 0 0 3301
24 1 0 0 3316
15 0 0 0 3323
19 0 0 0 3338
18 12 0 0 3339
17 64 0 0 3340
20 64 0 0 3382
5 65 0 0 3384
18 0 0 0 3390
29 1 0 0 3398
23 0 0 0 3405
27 1 0 0 3406
15 0 0 0 3420
26 1 0 0 3421
22 0 0 0 3443
22 0 0 0 3450
16 1 0 0 3458
28 0 0 0 3465
15 1 0 0 3480
27 1 0 0 3526
17 0 0 0 3540
27 1 0 0 3541
28 0 0 0 3548
26 1 0 0 3563
27 0 0 0 3616
25 0 0 0 3646
13 0 0 0 3653
26 1 0 0 3654
20 0 0 0 3683
26 1 0 0 3684
18 0 0 0 3698
16 1 0 0 3714
23 0 0 0 3728
24 1 0 0 3729
28 0 0 0 3743
19 1 0 0 3766
29 0 0 0 3774
22 0 0 0 3781
25 0 0 0 3796
23 0 0 0 3811
20 1 0 0 3819
29 0 0 0 3826
25 1 0 0 3827
11 0 0 0 3856
25 1 0 0 3864
29 0 0 0 3894
29 0 0 0 3909
28 0 0 0 3939
17 1 0 0 3947
21 0 0 0 3954
27 1 0 0 3955
20 0 0 0 3969
28 1 0 0 3970
27 0 0 0 3977
27 0 0 0 3984
13 0 0 0 3999
17 1 0 0 4000
23 0 0 0 4014
22 1 0 0 4022
24 0 0 0 4037
27 0 0 0 4044
17 1 0 0 4052
22 0 0 0 4059
27 1 0 0 4060
22 0 0 0 4067
17 1 0 0 4075
23 0 0 0 4104
25 1 0 0 4105
29 0 0 0 4112
21 0 0 0 4120
25 1 0 0 4135
5 64 0 0 4142
23 0 0 0 4150
28 1 0 0 4152
24 0 0 0 4172
14 1 0 0 4195
25 0 0 0 4202
20 1 0 0 4217
20 0 0 0 4232
26 0 0 0 4262
29 1 0 0 4263
26 0 0 0 4278
25 1 0 0 4293
24 0 0 0 4300
22 1 0 0 4330
19 0 0 0 4338
21 1 0 0 4346
27 1 0 0 4376
21 0 0 0 4390
17 1 0 0 4398
29 0 0 0 4405
19 1 0 0 4414
26 0 0 0 4428
18 0 0 0 4435
20 1 0 0 4436
23 0 0 0 4458
27 1 0 0 4459
21 0 0 0 4465
18 1 0 0 4473
22 0 0 0 4481
18 1 0 0 4488
29 0 0 0 4496
20 1 0 0 4526
28 0 0 0 4533
