0 16 0 7 5120
0 22 0 7 6144
1 14 0 7 7168
0 20 0 0 1793
1 21 0 0 2817
0 9 0 0 4609
1 22 0 0 4865
0 3 0 0 6657
0 17 0 1 513
0 10 0 1 2305
0 27 0 1 3329
0 8 0 2 1
1 3 0 2 769
0 21 0 2 1793
0 22 0 2 3841
1 16 0 2 5633
0 29 0 2 6657
1 11 0 3 1281
0 19 0 3 2305
0 21 0 3 3329
0 19 0 3 4353
0 23 0 3 6145
0 21 0 3 7169
0 29 0 4 1
1 17 0 4 1025
0 28 0 4 1793
0 25 0 4 3841
4 7 0 4 5121
1 15 1 4 6145
0 28 0 4 7169
0 28 0 5 1
1 15 0 5 769
0 11 0 5 2817
0 26 0 5 4609
0 25 0 5 7681
0 20 0 6 3329
0 21 0 6 4353
0 24 0 6 6145
0 29 0 6 7169
0 0 1 7 1
4 2 0 7 257
0 14 0 7 1793
1 12 0 7 2817
0 17 0 7 6657
1 23 0 7 7681
0 13 0 0 1282
0 27 0 0 5122
0 14 0 0 7170
0 19 0 1 1794
0 14 0 1 2818
0 26 0 1 3842
0 18 0 1 4610
0 24 0 1 5634
0 21 0 1 6658
1 13 0 1 7682
0 27 0 2 258
0 20 0 2 3330
1 13 1 2 4354
0 25 0 2 5122
0 18 0 2 7170
0 24 0 2 7938
0 23 0 3 2818
1 28 0 3 3586
0 15 0 3 5634
0 29 0 3 6658
0 17 0 3 7426
0 27 0 4 1282
1 13 1 4 1538
0 15 0 4 2306
0 22 0 4 7170
1 4 0 5 2
0 25 0 5 770
0 14 0 5 1794
0 12 0 5 2818
0 7 0 5 3586
1 15 0 5 3842
0 16 0 5 4610
0 20 0 5 6658
0 8 1 6 514
0 6 0 6 1282
0 29 0 6 2306
1 21 0 6 3330
0 22 0 6 4098
0 26 0 6 6914
1 17 0 6 7938
0 16 0 7 770
0 19 0 7 1794
0 26 0 7 2818
1 29 0 7 3842
0 15 0 7 4610
1 10 0 7 5634
0 29 0 7 7426
1 24 0 7 7682
4 16 0 0 1795
0 20 0 0 6147
1 24 1 1 1027
0 17 0 1 4867
0 20 0 1 6659
0 27 0 2 1539
0 11 0 2 2307
1 19 0 2 2563
0 23 0 2 3331
0 24 0 2 7171
0 16 0 3 3
4 10 0 3 3075
1 17 1 3 3331
0 21 0 3 6147
1 22 0 4 3
0 24 0 4 1795
1 10 0 4 2051
0 27 0 4 3843
0 14 0 4 7683
0 23 0 5 515
0 8 0 5 2563
0 13 0 5 5379
0 20 0 5 7171
0 27 0 6 3
0 17 0 6 1795
1 8 0 6 2051
0 21 0 6 3843
0 27 0 6 4867
0 21 0 6 5635
1 17 0 6 5891
0 21 0 6 7171
0 21 0 7 2307
0 16 0 7 5123
1 17 0 7 6147
0 22 0 7 7171
0 21 0 0 4
0 18 0 0 1796
1 23 0 0 2820
0 14 1 1 3076
0 29 0 1 5124
0 24 0 1 6916
1 25 0 2 1796
0 23 0 2 2564
1 20 0 2 3588
0 17 0 2 7428
0 20 0 3 260
0 15 0 3 2052
1 6 0 3 3076
0 23 0 3 4100
0 11 0 3 5124
1 2 1 3 5380
0 18 0 3 5892
1 21 0 3 6148
0 28 0 3 6916
0 28 0 3 7940
1 10 0 4 772
0 26 0 4 1540
1 28 0 4 1796
0 12 0 4 2564
0 22 0 4 4612
1 1 0 4 6404
0 29 0 4 7428
0 8 0 5 260
0 24 0 5 3076
0 25 1 5 5124
4 18 0 5 5892
0 6 0 5 6148
0 22 0 6 1540
1 18 0 6 1796
0 24 0 6 2564
0 25 0 7 260
1 26 0 7 1284
0 25 0 7 4100
0 17 1 7 5124
4 13 0 7 6404
1 24 0 0 5
0 25 0 0 2053
0 21 0 0 5893
1 3 0 0 6661
0 24 0 0 7685
1 9 0 1 517
0 16 0 1 2309
0 26 0 1 4357
0 11 0 1 5381
0 20 0 1 7173
1 12 1 1 7429
0 20 0 2 5
0 25 0 2 1029
0 27 0 2 2053
0 13 0 2 2821
0 28 0 2 3845
0 12 0 2 4869
0 19 0 2 5893
1 25 0 2 6661
0 20 0 3 4357
0 12 0 3 5381
1 16 1 3 6917
0 28 0 3 7941
1 27 0 4 5
0 25 0 4 773
1 9 0 4 3845
0 28 0 4 4613
0 28 0 4 5637
0 6 0 4 6661
0 11 0 5 5125
0 20 0 5 7173
1 21 0 6 5
0 15 0 6 773
0 19 0 6 1797
1 18 0 6 3845
0 22 0 6 4613
0 15 0 6 5637
0 26 0 6 7429
1 22 0 6 7685
0 24 0 7 261
1 6 0 7 1285
0 27 0 7 2309
1 15 0 7 3333
0 27 0 7 5125
0 5 0 0 262
1 20 0 0 518
0 25 0 0 1286
1 14 0 0 4358
0 10 0 0 5126
1 22 0 0 5382
0 23 0 1 1798
0 10 0 1 3846
0 15 0 1 4614
1 8 0 1 4870
12 10 0 2 774
0 22 0 2 2054
0 26 0 2 2822
1 18 0 2 3846
0 13 0 2 5894
0 28 0 3 518
0 8 0 3 1542
0 29 0 3 3334
1 23 0 3 3590
0 23 0 4 6
1 17 0 4 1030
0 25 0 4 2822
1 1 0 4 3078
0 28 0 4 3846
0 25 0 4 4870
0 28 0 4 6662
0 25 0 5 518
0 17 0 5 1542
0 28 0 5 2566
1 25 0 5 3334
0 7 0 5 4358
0 25 0 5 7174
0 16 0 6 2822
1 20 0 6 3846
0 13 0 6 4870
0 29 0 7 518
0 21 0 7 2310
1 14 0 7 2566
0 19 0 7 4358
0 23 0 7 5382
0 14 0 7 7174
0 13 0 0 2055
0 26 0 0 3847
1 22 0 0 5895
0 15 0 1 1543
0 22 0 1 3335
0 13 0 1 6151
0 17 0 1 7175
1 21 0 2 7
0 17 0 2 1799
0 15 0 2 4871
0 21 0 2 5639
1 22 0 2 5895
0 19 0 2 6663
0 11 0 2 7687
4 8 0 3 775
0 24 0 3 2311
0 17 0 3 4359
0 23 0 3 5383
0 22 0 3 6151
1 15 0 3 6407
0 29 0 3 7175
0 16 0 4 1031
0 19 0 4 3847
0 22 0 4 4871
1 5 0 4 5639
0 23 0 5 6663
0 23 0 5 7431
0 28 0 6 2055
0 15 0 6 3847
1 12 0 6 4103
0 16 0 6 4871
1 4 0 6 5895
0 11 0 6 7687
1 20 0 6 7943
0 8 0 7 519
0 14 0 7 1543
0 6 0 7 2567
1 7 1 7 2823
0 12 0 7 3335
1 5 0 7 3591
0 12 0 7 4359
0 19 0 7 5383
0 20 0 7 6407
0 11 0 7 7175
0 9 0 0 8
1 18 0 0 264
0 12 0 0 1032
0 4 0 0 2056
4 26 0 0 5640
0 8 0 1 3592
1 3 0 1 3848
0 9 0 1 4616
0 24 0 1 5640
0 16 0 1 6664
0 7 0 1 7432
1 21 0 1 7688
0 7 0 2 264
0 10 0 2 1288
0 16 0 2 2312
0 15 0 2 3080
1 2 0 2 3336
0 13 0 2 4104
1 12 1 2 4360
4 22 0 2 7176
12 29 0 3 2568
0 6 0 3 3080
0 27 0 3 4104
0 14 0 3 5128
0 6 0 3 5896
1 12 0 3 6152
0 8 0 3 6920
0 12 0 4 776
0 7 0 4 1544
0 20 0 4 2568
0 9 0 4 3592
0 16 0 4 4616
0 13 0 4 5384
0 8 0 4 6408
1 5 0 4 6664
0 27 0 4 7432
0 10 0 5 264
0 4 0 5 1032
0 17 0 5 2056
0 17 0 5 3080
0 23 0 5 4104
0 13 0 5 4872
0 9 0 5 5896
1 1 0 5 6152
0 17 0 5 6920
0 20 0 5 7944
0 6 0 6 776
0 4 0 6 1544
1 10 0 6 1800
0 9 0 6 2568
0 17 0 6 3592
0 22 0 6 4616
0 12 0 6 5384
0 5 0 6 6408
1 17 0 6 6664
0 8 0 6 7432
0 18 0 7 1032
1 13 0 7 1288
0 15 0 7 2056
0 22 0 7 3080
0 17 0 7 4104
0 6 0 7 7944
0 7 0 0 521
0 25 0 0 1545
0 6 0 0 3593
0 20 0 0 4617
0 14 0 0 5385
1 4 0 0 5641
0 12 0 0 6409
2 3 0 0 6665
0 7 0 0 7433
0 11 0 1 265
0 15 0 1 1033
1 15 0 1 1289
0 9 0 1 2057
0 3 0 1 3081
0 7 0 1 4105
0 22 0 1 4873
0 8 0 1 5897
0 11 0 1 6921
0 21 0 1 7945
0 9 0 2 521
0 25 0 2 1545
0 6 0 2 2569
0 16 0 2 3593
0 8 0 2 4361
0 14 0 2 5385
4 5 0 2 5641
0 16 0 2 6409
0 20 0 2 7433
0 12 0 3 9
1 2 0 3 265
0 8 0 3 1033
0 10 0 3 2057
0 22 0 3 3081
0 23 0 3 4105
0 5 0 3 4873
0 6 0 3 5897
0 1 1 3 6153
0 27 0 3 6409
0 14 0 3 6921
0 12 0 3 7945
0 11 0 4 521
1 17 0 4 777
0 4 0 4 1545
1 17 0 4 1801
0 12 0 4 3593
0 21 0 4 4361
1 5 0 4 4617
0 8 0 4 5385
0 24 0 4 6409
1 11 1 4 6665
1 21 0 5 265
0 10 0 5 1033
0 14 0 5 2057
0 8 0 5 2825
0 14 0 5 3849
1 24 0 5 4105
0 28 0 5 4873
0 5 0 5 5897
4 5 0 5 6921
1 14 0 5 7177
0 4 0 5 7689
1 8 0 5 7945
0 9 0 6 1545
0 23 0 6 2569
0 8 0 6 3337
1 9 0 6 3593
0 8 0 6 4361
1 8 0 6 4617
0 8 0 6 5385
0 12 0 6 6409
0 12 0 7 9
0 29 0 7 1033
0 12 0 7 2057
0 10 0 7 2825
0 4 0 7 3849
1 20 0 7 4105
0 10 0 7 4873
0 25 0 7 6665
1 17 0 7 6921
0 18 0 7 7689
0 29 1 7 7945
12 2 0 0 1290
0 22 0 0 4874
0 0 0 0 5130
0 9 0 0 5898
0 22 0 0 6922
0 11 0 0 7946
0 14 0 1 778
0 25 0 1 1802
0 16 0 1 2570
0 15 0 1 3594
2 3 0 1 3850
0 19 0 1 4618
0 16 0 1 5642
0 14 0 1 6410
1 9 0 1 6666
0 8 0 1 7434
0 18 0 2 266
0 10 0 2 1290
0 16 0 2 2058
0 5 0 2 5130
0 20 0 2 6154
0 26 0 2 6922
1 18 0 2 7178
0 15 0 2 7946
0 11 0 3 778
0 14 0 3 1802
0 10 0 3 2570
0 9 0 3 3594
0 8 0 3 4618
0 8 0 3 5642
0 13 0 3 6410
0 13 0 3 7434
0 18 0 4 266
0 15 0 4 1290
1 6 0 4 2314
0 14 0 4 3082
1 21 0 4 3338
0 16 0 4 4106
0 24 0 4 5130
0 19 0 4 6922
1 13 0 4 7178
0 13 0 4 7946
0 10 0 5 778
0 15 0 5 1802
0 8 0 5 2570
1 16 0 5 2826
0 7 0 5 3594
0 12 0 5 4618
0 19 0 5 5642
0 16 0 5 6410
0 18 0 5 7434
0 9 0 6 266
0 6 0 6 1290
0 15 0 6 2058
0 10 0 6 3082
1 8 0 6 3338
0 11 0 6 4106
0 10 0 6 5130
0 4 1 6 5898
0 25 0 6 6410
0 10 0 6 6922
0 20 0 6 7946
0 9 0 7 778
0 10 0 7 1802
0 10 0 7 2570
1 14 0 7 2826
0 18 0 7 3594
0 8 0 7 4618
1 16 0 7 4874
0 9 1 7 6410
0 20 0 7 6666
1 5 0 7 6922
0 7 0 0 523
0 13 0 0 1291
0 16 0 0 2315
0 14 0 0 3339
0 6 0 0 4363
0 14 0 0 5131
0 14 0 0 6155
2 1 0 0 7435
0 22 0 1 11
0 14 0 1 779
0 7 0 1 1803
0 18 0 1 2827
0 17 0 1 3851
0 17 0 1 4619
0 16 1 1 5643
0 16 0 1 7691
0 16 0 2 523
0 6 0 2 1291
1 3 0 2 1547
0 17 0 2 2315
0 15 0 2 3339
0 9 0 2 4363
0 20 0 2 5131
4 18 0 3 523
2 0 1 3 2059
0 11 0 3 2315
0 13 0 3 3083
0 7 0 3 4107
0 7 0 3 5131
0 5 0 3 6155
0 10 0 3 6923
1 5 0 3 7179
0 11 0 3 7947
0 10 0 4 779
4 28 0 4 1035
0 8 0 4 1803
0 12 0 4 2571
0 20 0 4 3595
0 9 0 4 4619
0 11 0 4 5643
0 11 0 4 6411
0 17 0 4 7435
0 8 0 5 267
1 23 0 5 523
0 23 0 5 779
0 12 0 5 1291
0 18 0 5 2059
0 21 0 5 3083
2 1 0 5 3339
0 25 0 5 4107
0 5 0 5 5131
0 12 0 5 5899
0 6 0 5 6923
1 14 0 5 7179
0 7 0 5 7947
1 15 1 6 3339
2 2 1 6 3595
0 7 0 6 4619
0 6 0 6 5643
0 13 0 6 6411
1 6 0 6 6667
0 22 0 6 7435
0 12 0 7 267
0 12 0 7 1291
0 23 0 7 2315
4 15 0 7 3595
0 18 0 7 5643
1 21 0 7 5899
0 14 0 7 6667
1 7 0 7 6923
0 15 0 7 7691
0 14 0 0 524
0 13 0 0 1292
0 27 0 0 2316
0 9 0 0 3340
0 24 0 0 4364
0 12 0 0 5388
1 11 0 0 7436
0 4 0 1 12
0 22 0 1 1036
0 10 0 1 2060
0 16 0 1 2828
0 10 0 1 3852
1 24 0 1 4108
0 19 0 1 4876
0 11 0 1 5900
0 27 1 1 6668
0 7 1 2 12
0 8 0 2 1292
0 22 0 2 2316
0 12 0 2 3340
0 12 0 2 4364
0 23 0 2 5132
1 15 0 2 5388
0 10 0 2 6156
0 19 0 2 7180
0 5 0 3 12
0 13 0 3 780
4 0 0 3 1292
0 16 1 4 524
1 14 0 4 780
0 23 0 4 1804
0 16 0 4 2572
0 10 0 4 3596
1 12 0 4 3852
0 19 0 4 4620
0 19 0 4 5644
0 16 0 4 6412
0 9 0 4 7436
1 3 0 4 7692
12 5 0 5 2828
0 17 0 5 3852
1 4 0 5 4108
0 12 0 5 4876
0 10 0 5 5900
0 20 0 5 6924
0 15 0 6 524
0 10 0 6 1548
0 29 1 6 2572
0 21 0 6 3340
1 13 0 6 3596
0 18 0 6 4364
1 12 0 6 4620
0 14 0 6 5388
0 12 0 6 6412
0 5 0 6 7180
0 12 0 7 12
1 11 0 7 268
0 7 0 7 1036
0 11 0 7 2060
0 9 0 7 3084
0 8 0 7 3852
1 13 0 7 4108
0 3 0 7 4876
1 17 0 7 5132
0 9 0 7 5900
0 11 0 7 6924
0 7 0 7 7692
0 10 0 0 525
1 13 0 0 781
0 13 0 0 1549
0 2 1 0 2573
1 6 0 0 3597
0 6 0 0 4365
1 16 0 0 4621
0 9 0 0 5389
2 3 0 0 5645
0 22 0 0 6413
0 6 0 0 7181
0 8 0 1 13
0 14 0 1 1037
0 22 0 1 2061
0 17 0 1 2829
0 12 0 1 3853
1 13 0 1 4109
0 20 0 1 4877
0 17 0 1 5901
0 6 0 1 6669
0 15 0 1 7693
1 16 0 1 7949
0 9 0 2 525
0 16 0 2 1549
0 19 0 2 2573
1 2 1 2 4109
12 2 0 2 7437
1 28 0 2 7693
0 10 0 3 269
0 16 0 3 1293
0 15 0 3 2317
0 15 0 3 3341
0 25 0 3 4109
1 14 0 3 4365
0 7 0 3 5133
1 7 0 3 5389
0 5 0 3 7181
0 6 0 3 7949
0 7 0 4 781
0 15 0 4 1805
0 9 0 4 2829
0 9 0 4 3853
0 13 0 4 4621
1 9 0 4 4877
0 14 0 4 5645
0 18 0 4 7693
0 7 0 5 269
0 22 0 5 1293
0 3 0 5 2317
0 6 0 5 3341
0 0 1 5 4109
1 26 1 5 7693
0 24 1 6 1037
1 6 1 6 2317
0 11 0 6 3597
0 12 0 6 4621
0 9 0 6 5645
0 16 0 6 6413
1 17 0 6 6669
0 4 0 6 7437
0 9 0 7 1293
1 2 1 7 4621
0 9 0 7 4877
0 16 0 7 5901
0 11 0 7 6925
1 9 0 7 7949
0 4 0 0 526
1 13 0 0 782
0 7 0 0 1550
0 17 0 0 2574
0 8 0 0 3342
0 5 0 0 4366
1 12 0 0 4622
0 17 0 0 5390
0 11 0 0 6414
0 20 0 0 7182
1 4 0 0 7438
0 15 0 1 14
0 14 0 1 1038
0 28 0 1 2062
0 18 0 1 2830
1 23 0 1 3086
0 9 0 1 3854
1 9 0 1 4110
0 20 0 1 4878
1 1 1 1 5134
0 8 0 1 5902
0 17 0 1 6926
0 21 0 1 7694
1 10 0 1 7950
0 12 0 2 1550
0 5 0 2 2574
0 16 0 2 3342
1 9 0 2 3598
0 7 0 2 4366
1 20 0 2 4622
0 14 0 2 5390
0 17 0 2 6414
0 11 0 2 7182
0 6 0 3 14
0 7 0 3 1038
0 9 0 3 2062
0 11 0 3 2830
0 23 0 3 3854
0 12 0 3 4878
0 12 0 3 5902
0 25 0 3 7694
2 1 1 3 7950
1 7 0 4 14
0 12 0 4 782
0 11 0 4 1806
0 16 0 4 2574
0 15 0 4 3598
0 16 0 4 4622
0 13 0 4 5646
0 16 0 4 6670
0 9 0 4 7438
1 16 0 4 7694
0 8 0 5 270
2 2 0 5 526
0 15 0 5 1294
0 7 0 5 2318
0 18 0 5 3086
1 4 0 5 3342
0 21 1 5 4110
0 5 0 5 5134
0 9 0 5 6158
0 11 0 5 6926
1 4 0 5 7182
0 12 0 6 782
0 17 0 6 1806
0 10 0 6 2574
0 23 0 6 3598
0 20 0 6 4622
0 22 0 6 5646
0 10 0 6 6414
0 27 0 6 7438
0 15 0 7 270
0 15 0 7 1294
0 10 0 7 2062
0 10 0 7 3086
0 7 0 7 4110
0 9 0 7 5134
0 19 0 7 6158
0 16 0 7 7950
0 13 0 0 783
0 22 0 0 1807
0 12 0 0 2575
1 21 0 0 2831
0 14 0 0 3599
0 12 0 0 4623
0 17 0 0 6415
1 22 0 0 6671
0 27 0 0 7439
0 14 0 1 271
0 14 0 1 2063
0 5 0 1 3087
1 5 0 1 3343
0 18 0 1 4111
0 19 0 1 5135
0 28 0 1 5903
1 8 0 1 6159
0 24 0 1 6927
0 14 0 1 7951
0 15 0 2 783
0 9 0 2 2575
1 4 0 2 2831
0 16 0 2 3599
0 21 0 2 4623
0 6 0 2 5647
0 13 0 2 6415
4 5 0 2 6671
0 0 0 3 271
4 24 0 3 1295
0 1 1 3 2831
0 13 1 3 3855
0 5 1 3 4623
1 26 1 3 5135
0 22 1 4 271
0 15 1 4 2319
0 22 1 4 2575
1 1 1 4 2831
1 2 1 4 4111
1 14 1 4 6159
1 15 1 4 6415
1 10 1 4 6671
2 3 1 4 6927
0 3 1 4 7183
1 16 1 4 7695
1 6 1 7 4113
