1 23 0 7 513
0 27 0 7 2305
1 29 0 7 2561
0 0 1 7 6145
1 23 1 7 6657
0 18 0 7 7937
1 25 0 0 3842
0 1 1 0 5634
1 13 1 0 5890
1 18 0 0 6402
0 22 0 1 1282
1 26 0 1 1538
0 25 0 1 3330
0 0 1 2 770
1 18 1 2 1282
1 23 0 2 4354
0 26 0 3 258
1 19 0 4 2
0 2 1 4 6658
1 23 1 4 7170
1 24 1 4 7938
1 25 1 5 514
0 1 1 5 770
1 26 1 5 1282
0 2 1 5 1538
1 27 1 5 2050
1 28 1 5 2818
1 29 1 5 3586
2 2 1 5 5122
2 3 1 5 5890
1 1 1 6 5890
0 9 1 6 6146
1 2 1 6 6658
0 10 1 6 6914
0 11 1 6 7682
0 12 1 7 258
0 13 1 7 1026
0 14 1 7 1794
0 15 1 7 2306
0 16 1 7 3074
0 17 1 7 3842
0 18 1 7 4610
0 19 1 7 5378
0 20 1 7 6146
0 21 1 7 6914
0 22 1 7 7682
0 23 1 0 259
0 24 1 0 1027
0 25 1 0 1539
0 26 1 0 2563
0 27 1 0 3331
0 28 1 0 4099
0 29 1 0 4867
1 10 1 1 3331
2 1 1 1 3843
1 11 1 1 4099
2 2 1 1 4611
1 12 1 1 4867
2 3 1 1 5379
1 13 1 1 5635
0 2 1 1 6147
1 14 1 1 6403
0 2 1 1 6915
1 15 1 1 7171
0 1 1 1 7683
1 16 1 2 3
2 0 1 2 259
1 16 1 2 771
2 1 1 2 1027
1 17 1 2 1539
1 18 1 2 2307
0 0 0 2 2563
1 19 1 2 2819
0 1 1 2 3331
1 20 1 2 3587
0 2 1 2 4099
1 21 1 2 4355
1 22 1 2 5123
0 12 0 5 7683
1 17 0 6 7171
0 24 0 0 3076
12 20 1 0 2585
