1 19 0 7 513
0 18 0 7 2305
0 15 0 7 4097
1 26 0 7 6145
0 1 1 7 7937
1 23 1 0 258
0 23 0 0 7426
1 18 0 1 1282
0 17 0 1 3330
1 21 0 1 4098
0 6 0 1 5122
1 18 0 1 5378
1 17 0 2 770
0 23 0 2 4610
1 20 0 2 4866
0 10 1 2 6658
1 18 1 3 2562
0 15 0 3 3074
0 26 0 3 4866
1 28 0 3 6914
0 16 0 4 4354
1 26 0 4 6402
0 28 0 5 2050
0 19 0 5 3842
0 25 0 5 5890
1 16 1 5 6402
0 21 0 5 7682
1 23 0 6 3586
0 19 0 6 5378
1 25 0 6 5634
1 24 0 7 1282
1 26 0 7 5122
0 24 0 0 515
1 6 1 0 2819
0 21 0 0 4355
1 29 0 1 259
1 23 0 1 5891
0 2 1 1 7683
1 17 1 2 3
2 1 1 2 259
0 27 0 2 5379
1 23 0 2 7427
0 18 0 3 1027
1 6 1 3 1283
0 21 0 3 4867
1 19 0 4 2563
0 11 1 4 6403
0 23 0 5 3
1 21 0 5 259
0 26 0 5 2051
1 8 1 6 3
0 7 0 6 1795
0 7 0 6 3587
1 12 1 6 4099
1 27 0 6 4611
0 29 0 6 5635
0 20 0 7 3075
1 19 0 7 3331
0 27 0 0 772
1 24 0 1 260
0 22 0 1 2308
0 11 0 1 7940
0 22 0 2 1796
1 18 0 2 5636
0 19 0 4 772
1 18 0 4 2820
0 15 0 4 4612
1 7 1 4 6660
0 15 0 5 260
1 21 0 5 516
0 24 0 5 4100
1 17 0 5 4356
0 18 0 5 6148
0 24 0 5 7940
1 10 1 6 260
0 24 0 6 2052
1 27 0 6 2308
0 29 0 6 4100
0 23 0 7 5380
1 16 0 7 5636
0 22 0 0 3077
1 15 0 0 3333
0 2 1 2 1285
1 23 1 2 1797
0 1 1 2 2053
1 24 1 2 2565
0 2 1 2 2821
1 25 1 2 3333
1 26 1 2 4101
1 27 1 2 4869
1 28 1 2 5637
1 22 0 2 7941
0 28 0 3 1541
1 16 1 3 7685
1 20 0 4 1029
0 28 0 4 4869
0 27 0 5 517
1 9 1 5 2821
0 13 0 5 4357
1 17 0 5 4613
0 22 0 5 6405
1 19 0 6 4101
0 4 1 6 5893
1 13 1 6 6149
0 27 0 6 7685
0 28 0 7 5381
1 20 0 7 7429
0 29 0 0 1030
1 9 1 0 1542
12 18 1 1 3610
