1 29 0 6 6657
0 19 0 7 257
1 23 1 7 2817
0 22 0 7 6145
1 27 0 7 6401
0 25 0 7 7937
1 20 0 0 2
0 19 0 0 1794
1 23 0 0 7682
0 28 0 1 3330
1 20 0 1 5122
0 26 0 2 770
1 27 0 2 2818
0 15 0 2 4610
1 18 0 3 514
0 2 1 4 3586
0 21 0 6 770
1 19 0 6 1026
0 22 0 6 4610
1 21 0 6 4866
0 19 0 6 6658
1 24 0 7 258
0 19 0 7 6146
1 26 0 0 3
0 27 0 1 3075
0 18 0 2 4611
0 25 0 3 259
1 16 0 3 2307
0 19 0 3 6147
1 21 0 4 3
0 13 0 5 5123
0 20 0 5 6915
1 29 0 5 7171
0 17 0 6 4611
0 27 0 7 2819
1 28 0 7 4099
0 8 0 0 1540
0 21 0 0 3588
0 17 0 1 6916
1 23 0 1 7172
0 13 0 2 2564
1 28 0 2 2820
0 26 0 2 4612
0 10 0 3 260
1 24 0 3 516
0 21 0 3 4100
1 18 1 3 4612
1 22 0 3 7940
0 21 0 5 1028
1 26 0 5 1284
0 12 0 5 3076
1 29 0 5 3332
0 21 0 5 6916
0 25 0 6 6404
1 24 0 6 6660
0 23 0 7 260
0 21 0 7 5892
1 22 0 7 6148
1 21 0 0 7429
0 12 0 1 3077
1 22 0 1 6917
0 14 0 2 517
1 20 0 2 773
0 15 0 2 2565
0 26 0 2 4357
0 15 0 3 2053
0 22 0 3 5893
0 25 0 3 7685
1 17 0 3 7941
0 19 0 4 1541
0 23 0 4 3589
0 25 0 5 1029
0 27 0 5 4869
1 19 0 5 6917
1 24 0 6 4357
0 25 0 6 6405
0 21 0 7 5893
1 13 0 7 7685
