0 19 0 7 4097
1 23 1 7 4865
2 0 1 7 5121
1 28 0 7 6401
0 22 0 0 1794
1 26 0 0 2050
0 19 0 0 5634
0 18 0 0 7426
1 29 0 0 7682
0 27 0 1 1282
1 23 0 1 1538
0 28 0 1 5122
1 18 0 1 7170
0 26 0 2 2818
1 27 0 2 4866
0 15 0 2 6658
1 17 0 3 2306
0 0 1 3 6146
1 17 1 3 6658
0 24 0 3 7938
0 24 0 4 7426
0 18 0 5 1282
1 14 1 5 1794
2 1 1 5 2050
0 23 0 5 4866
1 23 1 1 2834
1 24 1 1 3602
1 25 1 1 4370
2 2 1 1 4626
1 26 1 1 5138
1 27 1 1 5906
0 0 0 1 6162
1 28 1 1 6674
0 1 1 1 6930
1 29 1 1 7442
0 2 1 1 7698
2 2 1 2 18
2 2 1 2 786
2 3 1 2 1554
0 9 1 3 1810
0 10 1 3 2578
0 11 1 3 3346
0 12 1 3 3858
0 13 1 3 4626
0 14 1 3 5394
0 15 1 3 6162
0 16 1 3 6930
0 17 1 3 7698
0 18 1 4 274
0 19 1 4 1042
0 20 1 4 1810
0 21 1 4 2322
0 22 1 4 3090
0 23 1 4 3858
0 24 1 4 4626
1 1 1 4 4882
0 25 1 4 5394
1 2 1 4 5650
0 26 1 4 6162
0 27 1 4 6930
0 28 1 4 7698
0 29 1 5 274
2 1 1 5 7442
1 11 1 5 7698
2 2 1 6 18
1 12 1 6 274
2 3 1 6 786
1 13 1 6 1042
0 2 1 6 1554
1 14 1 6 1810
0 2 1 6 2322
1 15 1 6 2578
1 16 1 6 3346
1 16 1 6 4114
1 17 1 6 4882
1 18 1 6 5650
1 19 1 6 6418
2 0 1 6 6674
1 20 1 6 7186
2 1 1 6 7442
1 21 1 6 7954
1 22 1 7 530
12 17 1 1 2840
1 25 1 1 4888
