0 16 0 7 6144
0 22 0 7 7168
1 14 0 0 1
0 20 0 0 2817
1 21 0 0 3585
0 9 0 0 5633
0 15 0 0 7681
0 20 0 1 257
0 15 0 1 2305
1 2 0 1 4097
0 24 0 1 5121
0 23 0 1 7937
0 28 0 2 1793
0 24 0 2 3585
0 29 0 2 5633
0 6 0 3 7937
0 24 0 4 513
0 23 0 4 3585
1 28 0 4 4609
0 15 0 4 6401
0 29 0 4 7425
0 17 0 5 257
0 27 0 5 2049
0 27 0 5 4097
1 24 0 5 4865
0 2 1 5 5889
12 5 0 5 6145
0 11 1 5 7425
0 22 0 6 513
1 6 0 6 2561
0 26 0 6 3329
1 17 0 6 4353
0 16 0 6 5377
0 19 0 6 6145
1 28 0 6 6401
0 26 0 6 7169
0 15 0 7 1025
1 8 0 7 2049
0 4 1 7 7681
0 21 0 0 514
0 29 0 0 5378
0 9 0 1 2
0 23 0 1 1794
1 27 0 1 2818
0 28 0 1 4866
0 15 0 1 5890
1 21 1 1 6146
4 8 0 1 7426
0 22 0 2 258
0 15 0 2 1282
0 26 0 2 2306
0 22 0 2 4098
0 10 0 2 5122
0 19 0 2 7170
0 29 0 2 7938
0 1 1 3 3586
12 2 0 3 7426
0 13 1 4 1794
0 17 0 4 4354
0 20 0 4 6402
0 27 0 5 1026
0 11 0 5 2050
0 23 0 5 2818
1 24 0 5 4098
0 24 0 5 6658
1 6 0 5 6914
0 16 0 5 7682
0 0 1 6 2306
4 1 0 6 5890
0 21 0 7 770
1 22 0 7 2818
0 24 0 7 4610
1 10 0 7 4866
0 27 0 7 6658
0 14 0 0 2307
0 23 0 0 3331
0 21 0 1 3
0 22 0 1 4867
0 21 0 1 5635
1 12 0 1 5891
0 18 0 1 7683
0 20 0 2 4355
1 4 1 2 6147
0 19 0 3 1795
1 23 0 3 3843
0 18 0 3 4611
1 14 0 3 4867
0 28 0 3 5635
0 14 0 3 7683
0 17 0 4 515
0 12 1 4 5123
1 12 1 4 6659
0 29 0 4 7939
1 8 0 5 515
0 10 0 5 2563
1 11 0 5 3587
0 26 0 5 5379
1 22 0 5 6403
0 15 0 5 7427
0 8 0 6 259
0 24 0 6 1027
1 17 0 6 1283
0 27 0 6 3075
0 11 0 6 4099
12 12 0 7 515
0 23 0 7 4355
1 20 0 7 5379
0 17 0 0 1028
0 20 0 0 2052
0 16 0 0 3844
0 23 0 0 5892
0 11 0 0 6660
0 26 0 1 1540
0 12 0 1 2308
1 9 0 1 2564
0 22 0 1 4356
1 1 0 1 6148
0 29 0 1 7172
0 8 0 2 4
0 24 0 2 2820
0 1 1 2 4868
0 22 0 3 516
0 24 0 3 1540
1 14 0 3 6404
0 25 0 3 7172
0 25 0 4 2820
0 29 0 4 3844
1 20 0 4 4868
0 22 0 4 7684
1 20 0 5 1540
0 17 0 5 3332
0 4 0 5 4356
0 29 0 5 5124
0 20 0 5 7172
0 24 0 6 4
0 27 0 6 1028
0 21 0 6 1796
0 24 0 6 2820
0 25 0 6 4868
0 27 0 6 5636
1 17 0 6 5892
0 23 0 7 516
0 18 0 7 2308
0 25 0 7 6148
0 12 0 7 7172
0 26 0 0 5
0 26 0 0 773
1 20 0 0 1029
0 16 0 0 2821
1 22 0 0 3845
0 25 0 0 4869
0 17 0 0 7685
0 25 0 1 517
1 8 0 1 1541
0 21 0 1 4357
1 1 0 1 5125
0 24 0 1 6149
1 14 0 1 7173
0 16 0 2 773
0 26 0 2 2821
0 11 0 2 3845
0 20 0 2 5637
0 21 0 2 6661
0 20 0 3 261
1 23 0 3 517
0 25 0 3 1285
0 27 0 3 2309
0 13 0 3 3333
0 28 0 3 4357
0 12 0 3 5125
1 25 0 3 7173
0 20 0 4 4613
1 23 0 4 4869
0 12 0 4 5637
0 12 0 5 1285
0 29 0 5 4101
1 22 0 5 4357
0 21 0 5 5125
0 25 0 5 6149
0 21 0 5 7173
0 25 0 6 1797
0 29 0 6 3845
0 10 0 6 4613
1 14 0 6 4869
0 26 0 6 6661
1 10 0 6 7685
0 22 0 7 261
0 28 0 7 2309
1 20 0 7 4357
0 28 0 7 7173
0 28 0 7 7941
1 26 0 0 6
0 6 0 0 774
0 11 0 0 7430
1 2 0 0 7686
0 20 0 1 1286
0 15 0 1 3334
0 19 0 1 4102
0 22 0 1 7174
0 15 0 1 7942
0 26 0 2 1798
0 24 0 2 2822
1 6 0 2 3590
0 27 0 2 4614
0 27 0 2 7430
1 24 0 2 7686
0 28 0 3 2310
0 24 0 3 3078
1 13 0 3 3334
0 23 0 3 5126
0 23 0 4 2822
1 21 0 4 4102
0 13 0 4 4614
0 28 0 4 6662
0 25 0 4 7430
1 24 0 5 2310
0 10 0 5 3078
0 19 0 5 5126
0 28 0 5 7942
0 10 0 6 1798
0 19 0 6 2822
4 7 0 6 4102
0 20 0 6 6662
4 14 0 6 7942
2 1 1 7 2310
1 24 1 7 2566
12 1 0 7 3078
1 29 1 7 3334
0 4 1 7 3590
0 7 1 7 3846
0 8 1 7 4102
12 2 0 0 263
0 16 1 0 2055
12 9 0 0 3335
1 8 1 0 4103
0 21 1 0 4359
12 5 0 0 5383
1 7 1 0 6151
4 25 0 0 7431
12 12 0 1 775
1 9 1 1 1543
2 1 1 1 1799
2 3 1 1 2055
0 4 0 1 2567
12 29 0 1 2823
4 17 0 1 3847
1 23 1 1 4103
4 21 0 1 4359
4 5 0 1 7175
12 0 0 2 1287
0 5 0 2 3335
0 24 0 2 4871
4 3 0 2 5639
0 19 0 2 7175
0 22 0 3 7
0 12 0 3 775
0 13 0 3 1799
1 16 0 3 2055
0 11 0 3 2823
0 12 0 3 4615
0 10 0 3 5639
1 18 0 3 5895
0 11 0 3 6663
0 11 0 3 7687
0 12 0 4 263
0 8 0 4 1287
1 27 0 4 1543
0 16 0 4 2311
0 12 0 4 3335
0 12 0 4 5127
1 5 0 4 5383
0 14 0 4 6151
0 1 1 4 7175
2 1 1 5 775
0 6 0 5 1543
0 16 0 5 2567
1 22 0 5 2823
0 15 0 5 3591
0 8 0 5 4615
0 24 0 5 5639
0 7 0 5 6407
1 13 1 5 7687
0 8 0 6 263
0 4 0 6 1287
0 7 0 6 2055
1 14 0 6 2311
0 12 0 6 3079
0 12 0 6 4103
0 11 0 6 5127
0 10 0 6 5895
0 12 0 6 6919
0 24 0 6 7175
0 16 0 6 7943
0 7 0 7 775
0 7 0 7 1543
0 10 0 7 2567
2 3 0 7 2823
0 16 0 7 3591
0 15 0 7 4615
0 11 0 7 5383
0 9 0 7 6407
1 6 0 7 6663
0 14 0 7 7431
0 0 1 0 264
0 10 0 0 1032
0 9 0 0 2056
1 3 0 0 2312
0 8 0 0 3080
0 16 0 0 4104
0 15 0 0 5128
0 11 0 0 5896
1 21 0 0 6152
0 9 0 0 6920
1 10 0 0 7176
0 9 0 0 7944
1 2 1 1 8
0 22 0 1 264
0 8 0 1 776
0 6 0 1 1544
0 13 0 1 2568
0 9 0 1 3592
0 15 0 1 4616
0 8 0 1 5384
4 5 0 1 7944
0 1 1 2 1544
0 7 0 2 1800
0 27 0 2 2568
1 10 0 2 2824
0 14 0 2 3592
1 13 0 2 3848
0 6 0 2 4616
0 8 0 2 5640
0 12 0 2 7432
1 9 0 2 7688
0 7 0 3 264
0 20 0 3 1288
0 9 0 3 2312
0 6 0 3 2568
0 8 0 3 3080
0 27 0 3 4104
0 10 0 3 5128
0 4 0 3 6152
0 21 0 3 6920
0 17 0 3 7944
0 17 0 4 776
0 27 1 4 4104
0 18 0 4 4360
1 20 0 4 4616
0 25 0 4 5384
0 6 0 4 7176
0 20 0 5 8
0 14 0 5 1032
0 13 0 5 2056
0 12 0 5 3080
0 7 0 5 3848
0 6 0 5 6920
0 16 0 5 7944
0 8 0 6 776
0 14 0 6 1544
0 13 0 6 2568
0 6 0 6 3592
0 19 0 6 4616
12 20 0 6 4872
4 23 0 6 5128
0 13 0 7 520
4 5 0 7 776
0 2 1 7 1032
1 22 1 7 1544
1 22 1 7 1800
0 11 1 7 2312
12 13 0 7 2568
4 16 0 7 2824
0 6 1 7 3592
4 17 0 7 3848
12 22 0 7 4360
4 18 0 7 5128
0 10 1 7 5384
4 14 0 7 5896
0 7 1 7 6152
0 27 1 7 7176
1 1 1 7 7432
1 1 1 7 7688
0 13 1 7 7944
1 7 1 0 9
12 14 0 0 265
0 25 1 0 521
12 23 0 0 1289
0 22 1 0 1545
0 5 0 0 2825
1 27 0 0 3081
4 20 0 0 3849
1 6 1 0 4617
1 7 1 0 5129
1 9 1 0 5385
12 9 0 0 5641
1 12 1 0 5897
1 7 1 0 6153
1 2 0 0 6409
1 19 1 0 6665
1 7 1 0 6921
4 0 0 0 7177
1 14 1 0 7945
1 15 1 1 265
0 6 1 1 1033
2 1 1 1 1801
1 22 1 1 2057
4 20 0 1 2825
12 5 0 1 4105
12 0 0 1 6665
0 3 0 1 7689
4 28 0 2 521
0 0 1 2 1033
4 17 0 2 1289
0 21 0 2 4873
0 16 0 2 5897
1 8 0 2 6153
0 14 0 2 6921
0 6 0 2 7945
0 14 0 3 521
1 2 0 3 777
4 19 0 3 7945
1 11 0 4 4105
0 20 0 4 4873
0 9 0 4 5897
0 11 0 4 6921
0 11 0 4 7945
0 17 0 5 521
0 8 0 5 1545
1 16 0 5 1801
0 10 0 5 2569
0 0 1 5 3593
0 18 0 5 4361
0 21 0 5 5385
2 1 0 5 5641
0 25 0 5 6409
0 5 0 5 7433
0 18 0 6 265
0 6 0 6 1033
0 7 0 6 2057
0 16 0 6 3081
0 10 0 6 4105
0 18 0 6 4873
1 10 0 6 5129
0 13 0 6 5897
0 15 0 6 6921
0 13 0 6 7945
0 8 0 7 521
0 16 0 7 1545
0 12 0 7 2569
1 28 0 7 6153
2 1 0 7 6409
0 22 0 7 7177
0 17 0 0 10
0 21 0 0 1802
0 12 0 0 2826
0 8 0 0 3850
0 15 0 0 4618
0 14 0 0 5642
0 25 0 0 6666
0 14 0 0 7690
0 13 0 1 266
1 14 0 1 522
0 17 0 1 1290
1 9 0 1 1546
0 8 0 1 2314
0 19 0 1 4362
0 6 0 1 5130
1 3 0 1 5386
0 9 0 1 6154
0 7 0 1 7178
0 14 0 2 10
0 14 0 2 778
1 7 0 2 1034
0 15 0 2 1802
0 9 0 2 2826
0 14 0 2 3850
0 27 0 2 4618
0 9 0 2 5642
0 24 0 2 6666
0 14 0 2 7690
0 17 0 3 266
0 9 0 3 1290
2 3 0 3 1546
0 13 0 3 2314
0 10 0 3 3338
0 10 0 3 4106
0 23 0 3 5130
0 16 0 3 6154
0 12 0 3 7946
4 29 0 4 522
0 26 0 4 1802
4 8 0 4 2314
1 16 0 4 4874
0 10 0 4 5898
0 9 0 4 6666
0 13 0 4 7690
1 12 0 4 7946
0 9 0 5 522
0 16 0 5 1546
0 15 0 5 2314
1 2 0 5 2570
0 14 0 5 3338
1 14 0 5 3594
0 16 0 5 4362
2 3 0 5 4618
0 5 0 5 5386
0 23 0 5 6154
1 14 0 5 6410
0 12 0 5 7178
0 5 0 6 10
0 10 0 6 1034
0 19 1 6 2058
12 25 0 6 2314
1 13 1 6 3594
12 23 0 6 4874
0 4 0 6 5386
0 9 0 6 6154
0 5 0 6 7178
1 6 0 6 7434
0 21 0 7 10
2 3 0 7 266
0 16 0 7 1034
0 23 0 7 2058
0 10 0 7 2826
1 8 0 7 3082
0 10 0 7 3850
0 19 0 7 4874
0 19 0 7 5898
0 16 0 7 6666
1 19 0 7 6922
0 9 0 7 7690
0 19 0 0 523
0 8 0 0 1547
0 22 0 0 2315
1 11 0 0 2571
0 10 0 0 3339
1 6 0 0 3595
0 10 0 0 4363
0 11 0 0 5387
0 21 0 0 6155
1 4 0 0 6411
0 13 0 0 7179
0 7 0 1 11
0 17 0 1 1035
0 22 0 1 1803
1 16 0 1 2059
0 14 0 1 2827
0 22 0 1 3851
0 15 0 1 4875
0 17 0 1 5643
2 1 0 1 6155
0 19 0 1 6667
0 9 0 1 7691
0 25 0 2 523
0 23 0 2 1547
0 8 0 2 2315
1 27 0 2 2571
0 11 0 2 3339
0 8 0 2 4363
0 24 0 2 5387
0 17 0 2 6155
1 29 1 3 3339
0 15 0 3 5899
0 9 0 3 6667
0 16 0 3 7691
1 19 0 3 7947
0 23 0 4 523
0 10 0 4 1547
0 27 0 4 2315
1 20 0 4 2571
0 13 0 4 3339
1 14 0 4 3595
0 10 0 4 4363
0 17 0 4 5387
0 8 0 4 6411
0 9 0 4 7179
0 5 0 5 11
0 8 0 5 1035
0 5 0 5 2059
0 11 0 5 6155
0 10 0 5 7179
0 11 0 6 11
0 5 0 6 779
1 8 0 6 1035
0 13 0 6 1803
0 11 0 6 2827
0 10 0 6 3851
0 16 0 6 4619
1 5 0 6 4875
0 15 0 6 5643
0 15 0 6 6667
0 25 0 6 7691
0 7 0 7 267
0 9 0 7 1291
1 15 0 7 1547
0 23 0 7 2315
0 5 0 7 3339
0 6 0 7 4107
0 5 0 7 5131
1 16 0 7 5387
0 15 0 7 6155
0 9 0 7 7179
0 9 0 7 7947
0 13 0 0 780
1 9 0 0 1036
0 20 0 0 1804
0 10 0 0 2828
1 6 0 0 4876
0 18 0 0 5644
0 7 0 0 6668
0 22 0 0 7692
0 6 0 1 268
1 6 0 1 524
0 6 0 1 1292
4 19 0 1 1804
4 17 0 1 2060
0 21 0 1 2828
4 19 0 1 3084
1 5 0 1 4108
1 23 1 1 4364
4 21 0 1 4876
4 27 0 1 5388
0 1 1 1 5900
12 23 0 1 6668
0 8 1 1 7436
12 26 0 2 524
0 24 1 2 780
0 9 1 2 1548
1 5 1 2 3084
0 14 1 2 3340
0 15 1 2 3596
0 18 1 2 4108
0 27 1 2 4876
1 2 1 2 5644
0 21 1 2 5900
1 4 0 2 6412
0 26 1 2 6924
12 1 0 2 7436
1 4 1 2 7692
4 20 0 3 12
1 8 1 3 268
0 29 1 3 524
1 4 1 3 780
4 13 0 3 1548
1 20 1 3 1804
4 23 0 3 2572
1 13 1 3 2828
1 17 1 3 3340
1 14 1 3 3596
4 5 0 3 4364
1 20 1 3 4876
4 19 0 3 5900
1 16 0 4 6156
1 24 0 4 6412
0 14 0 4 7180
0 12 0 5 12
0 17 0 5 1804
1 22 0 5 2060
0 27 0 5 2828
0 14 0 5 3852
0 14 0 5 5644
1 17 0 5 5900
0 5 0 5 6668
0 18 0 5 7692
0 19 0 6 524
0 28 0 6 1292
0 24 0 6 2316
0 10 1 6 2572
0 9 0 6 3340
0 16 0 6 4364
0 21 0 6 5132
1 4 0 6 5388
0 6 0 6 6156
0 13 0 6 7180
0 25 0 7 12
0 10 0 7 780
0 16 0 7 1804
4 22 0 7 3596
0 5 0 7 3852
0 13 0 7 4620
0 21 0 7 7692
0 12 0 0 269
0 16 0 0 1293
0 16 0 0 2317
0 11 0 0 3341
0 9 0 0 4109
1 23 1 0 4621
0 13 0 0 5133
1 7 0 0 5389
0 11 0 0 6157
0 17 0 0 7181
0 17 0 0 7949
1 2 0 1 13
0 8 0 1 781
1 14 0 1 1037
0 6 0 1 1805
0 13 0 1 2829
0 11 0 1 3853
1 21 1 1 5389
1 19 0 1 5901
0 14 0 1 6669
0 8 0 1 7693
0 10 0 2 525
0 13 0 2 1293
1 27 0 2 1549
0 13 0 2 2317
0 8 0 2 3341
0 9 0 2 4365
0 5 0 2 5133
1 2 1 2 7181
2 0 1 3 2061
0 3 1 3 2573
1 16 1 3 2829
0 7 1 3 3341
