1 23 0 6 4865
0 27 0 6 6657
0 19 0 7 4097
1 23 1 0 258
1 19 0 0 1794
0 22 0 0 3842
1 20 0 0 5890
0 19 0 0 7682
0 18 0 1 3330
0 27 0 1 5122
1 23 0 1 5378
0 28 0 2 770
1 18 0 2 2818
0 26 0 2 6658
1 14 1 3 514
2 0 1 3 1026
0 15 0 3 2306
0 25 0 5 5122
1 21 0 6 770
0 21 0 7 6146
0 22 0 0 1795
0 19 0 0 3587
1 24 0 0 5635
0 19 0 1 3075
1 18 1 1 3843
0 28 0 2 771
1 29 0 2 2819
0 28 0 2 4611
0 18 0 3 6147
0 25 0 4 1795
1 17 1 4 2051
1 12 0 4 2563
0 16 0 4 3587
0 13 0 6 2563
1 28 0 6 2819
0 20 0 6 4611
0 17 0 7 2051
1 19 0 7 7939
0 12 0 0 1540
1 19 0 0 1796
0 24 0 0 3588
1 26 0 0 5636
0 27 0 0 7428
1 28 0 1 1284
0 12 0 1 6916
1 24 0 1 7172
0 4 1 5 5637
1 21 0 5 6405
0 18 0 6 261
0 26 0 6 4101
1 21 0 6 6149
0 22 0 7 1797
1 26 0 7 7685
0 19 0 0 1286
1 11 1 0 3590
0 28 0 0 5126
1 21 0 0 7174
0 19 0 1 4614
1 22 0 1 4870
0 29 0 2 7942
1 29 0 3 3590
0 27 0 3 5638
1 23 0 3 7686
0 20 0 4 1286
0 12 0 4 3078
0 26 0 5 2566
1 22 0 6 518
0 27 0 6 2054
1 2 1 6 6662
0 16 0 6 7942
1 21 0 7 1798
0 21 0 7 7430
0 14 0 0 3079
1 21 0 0 5127
0 26 0 0 6919
1 19 0 1 2567
0 29 0 1 4615
0 25 0 2 263
0 22 0 2 5895
1 25 0 2 6151
0 26 0 3 5639
1 17 0 4 1287
0 1 1 4 6919
1 17 1 4 7431
2 1 1 4 7687
0 11 0 6 5639
1 26 0 6 5895
0 18 0 6 7687
0 18 0 7 3335
1 29 0 7 3591
0 18 0 0 1032
0 19 0 0 4872
0 7 1 1 2568
1 23 0 1 6408
0 29 0 2 8
1 19 0 2 2056
0 22 0 2 3848
1 19 0 2 4104
0 23 0 2 5896
1 18 0 3 3336
0 1 1 3 7176
1 14 1 3 7688
2 1 1 3 7944
0 9 0 4 1032
0 20 0 4 2824
0 25 0 4 6664
1 29 0 4 6920
0 19 0 5 4360
1 24 0 5 6408
0 25 0 6 8
0 15 0 6 7688
0 25 0 7 1288
0 29 0 7 5128
1 24 0 7 5384
0 28 0 0 777
1 18 0 0 2825
0 20 0 0 4617
1 25 0 0 4873
0 23 0 0 6665
1 12 1 1 6409
2 3 1 1 6921
0 20 0 2 9
1 17 0 2 1801
12 16 1 4 6683
