1 26 0 6 4865
0 29 0 6 6657
1 22 0 7 257
0 20 0 7 2305
0 25 0 0 3842
1 22 0 0 5634
0 20 0 0 7682
1 16 0 2 1026
0 1 1 3 4354
1 23 1 3 4866
2 0 1 3 5122
0 9 1 6 2306
1 25 0 6 3074
0 26 0 6 3330
1 19 0 6 5378
0 25 0 7 770
1 28 0 7 4866
0 15 0 0 515
0 29 0 1 3843
0 27 0 1 7683
0 29 0 3 2819
0 24 0 3 4611
1 25 0 3 6659
0 25 0 4 4099
1 27 0 4 4355
0 24 0 4 6147
1 29 0 5 3
0 19 0 5 5635
0 27 0 6 3075
1 22 0 6 7171
0 17 0 7 771
0 23 0 7 6659
1 25 0 0 4100
0 26 0 0 6148
0 0 1 0 7940
1 18 1 1 260
0 19 0 2 1540
1 23 0 2 5636
0 27 0 3 5124
0 15 0 5 4100
1 24 0 5 5892
0 13 0 6 3588
0 25 0 6 5380
0 16 0 7 6916
1 27 0 7 7172
0 24 0 0 4357
1 20 0 0 4613
0 22 0 0 6405
1 27 0 0 6661
1 28 0 1 6149
0 17 0 2 7429
0 8 1 2 7685
0 18 0 3 261
1 27 0 3 517
0 29 0 3 1029
0 18 0 3 4869
1 27 0 3 5125
0 22 0 4 517
1 20 0 4 2565
0 25 0 5 261
1 23 0 5 4101
0 25 0 5 5893
1 0 0 5 7941
0 14 0 6 1541
1 18 0 6 1797
0 20 0 7 1029
0 14 1 7 5125
0 12 0 7 5637
0 20 0 1 6
1 27 0 1 262
0 13 0 1 5894
0 27 0 2 1542
0 19 0 2 5382
1 24 0 2 5638
0 16 0 3 1030
0 22 0 4 2566
1 19 0 4 4614
0 28 0 4 6406
0 16 0 5 7686
1 20 0 6 1542
0 17 0 6 3334
1 20 0 6 3590
0 22 0 7 1030
0 27 0 7 4870
1 25 0 7 5126
0 15 0 0 4359
1 26 0 0 4615
0 21 0 0 6407
1 18 0 1 3847
0 28 0 1 5895
1 24 0 1 7687
0 29 0 2 3335
1 22 0 2 3591
0 26 0 2 7175
1 28 0 2 7431
0 23 0 3 1031
0 12 0 4 2311
1 24 0 4 2567
0 25 0 4 4359
1 28 0 5 7
0 25 0 5 1799
1 21 0 5 5895
0 16 1 5 7943
0 26 0 6 1287
1 19 0 6 3335
1 14 0 6 7431
0 24 0 7 2823
1 23 0 7 3079
0 27 0 7 4871
0 27 0 1 1800
1 29 0 1 2056
0 28 0 1 5640
1 20 0 1 5896
0 28 0 1 7688
1 25 0 2 1544
0 3 0 5 4104
0 23 0 6 8
0 12 0 6 1800
1 27 0 6 5896
0 26 0 6 7688
0 22 0 0 4617
1 23 0 0 4873
0 29 0 0 6665
1 14 0 1 4361
0 26 0 1 6153
1 20 0 1 6409
0 26 0 2 1801
1 19 0 2 2057
0 29 0 3 3337
0 29 0 4 4617
1 28 0 5 521
0 21 0 5 2313
1 25 0 5 4105
0 17 0 5 7945
0 18 0 7 1289
1 21 0 7 1545
0 23 0 7 5129
1 17 0 7 7177
0 19 0 0 4618
1 22 0 0 4874
0 29 0 1 2314
0 19 0 1 4106
0 17 0 2 7434
1 28 0 2 7690
0 22 0 3 3082
1 25 0 3 3338
0 24 0 3 6922
1 18 0 4 1034
1 27 0 4 2826
0 15 0 4 6410
1 29 0 4 6666
0 27 0 5 2058
1 29 0 5 2314
0 21 0 5 4106
1 25 0 5 4362
0 22 0 5 5898
1 24 0 5 7946
0 25 0 6 1546
1 22 0 6 1802
0 26 0 6 3594
1 23 0 6 7690
0 21 0 7 1290
1 25 0 7 3082
0 22 0 7 5130
1 18 0 7 7178
0 29 0 0 779
0 29 0 0 6411
1 20 0 2 11
1 25 0 2 5643
0 21 0 3 1035
1 17 0 3 3083
0 19 0 3 6923
0 14 0 4 4619
0 22 0 5 2059
0 11 0 5 7947
0 26 0 6 3595
1 0 0 7 4875
0 20 0 7 6923
1 24 0 0 2572
0 22 0 0 6412
1 25 0 1 268
0 29 0 1 4108
0 18 0 1 5900
1 23 0 1 7948
0 27 0 2 5388
1 24 0 3 3084
0 14 0 5 12
1 21 0 5 268
0 17 0 5 2060
0 26 0 5 3852
0 20 0 5 7692
1 27 0 5 7948
0 28 0 6 1548
1 27 0 6 1804
0 18 0 6 5388
1 26 0 6 5644
0 16 0 6 7180
1 27 0 6 7436
0 23 0 7 1036
1 22 0 7 1292
1 20 0 0 781
0 13 0 0 2573
0 22 0 0 4365
0 15 0 1 3853
1 26 0 1 4109
0 19 0 1 7693
1 27 0 1 7949
0 16 0 2 3341
1 18 0 2 3597
0 11 0 2 7181
1 12 0 2 7437
0 26 0 3 1037
1 26 0 3 5133
0 15 0 4 525
1 25 0 4 781
0 17 0 4 6157
1 16 0 5 13
0 24 0 5 3853
1 27 0 5 4109
1 26 0 6 1549
0 26 0 6 7181
1 24 0 6 7437
0 19 0 7 1037
1 18 0 7 2829
0 19 0 0 526
0 26 0 0 2318
0 29 0 0 6158
0 15 0 1 5646
1 18 0 1 5902
0 28 0 1 7694
1 25 0 1 7950
0 13 0 2 1294
1 24 0 2 1550
0 27 0 2 3342
1 20 0 2 5390
0 23 0 3 2830
1 25 0 3 3086
0 21 0 3 4878
0 29 0 4 526
1 21 0 4 2574
0 29 0 4 4366
1 28 0 5 14
0 21 0 5 3854
0 24 0 5 5646
1 23 0 5 5902
0 26 0 6 1294
1 29 0 6 1550
0 20 0 6 5134
1 27 0 6 5390
0 28 0 0 527
1 28 0 0 2575
0 27 0 0 4367
1 3 0 1 3855
0 18 0 1 5647
1 27 0 2 1551
0 15 0 2 5135
1 26 0 2 5391
0 22 0 3 2831
1 18 0 3 3087
0 22 0 3 4623
1 16 0 3 6671
0 28 0 4 271
1 15 0 4 4111
0 28 0 6 5135
1 26 0 7 783
