1 20 0 7 4096
0 16 0 7 6144
0 22 0 7 7168
1 5 0 7 7936
0 2 1 0 1793
4 22 0 0 2049
1 23 1 0 5377
0 10 0 0 5633
1 16 0 0 7425
0 29 0 1 257
1 11 0 1 3073
0 19 0 1 4097
0 21 0 1 5121
0 19 0 1 6145
0 23 0 1 7937
0 21 0 2 769
0 29 0 2 1793
0 28 0 2 3585
0 25 0 2 5633
1 29 0 2 7169
0 23 0 3 1
1 25 0 3 1025
0 11 0 3 3841
0 28 0 3 5633
0 28 0 3 6657
1 23 0 3 7681
0 11 0 4 1281
0 26 0 4 3329
0 25 0 4 6145
0 20 0 5 1793
0 21 0 5 2817
0 24 0 5 4609
0 29 0 5 5633
0 29 0 5 6657
0 18 0 6 1281
0 14 0 6 3329
1 12 0 6 4097
0 8 0 7 3073
0 10 1 7 3841
1 14 1 7 4865
2 1 1 7 5121
0 22 0 7 6145
0 18 0 7 7937
0 26 0 0 770
1 17 0 0 1794
0 16 0 0 2818
0 19 0 0 3586
2 2 1 0 7170
0 22 0 1 1026
0 18 0 1 4866
12 3 0 1 6914
0 13 0 1 7938
0 11 0 2 1794
0 20 0 2 4610
1 3 0 2 5634
0 14 0 2 5890
0 24 0 3 258
0 29 0 3 3074
0 26 0 3 4098
0 22 0 3 6914
0 29 0 3 7938
0 23 0 4 1794
0 12 0 4 3586
0 27 0 4 5634
0 2 1 4 6402
0 15 0 4 7938
0 21 0 5 1282
0 7 0 5 2050
0 25 0 5 4098
1 8 0 5 5122
0 12 0 5 5890
1 10 0 5 6146
4 5 0 6 514
1 26 1 6 3586
1 21 0 6 4866
0 11 0 6 5634
0 23 0 6 6658
0 15 1 7 514
0 21 0 7 4098
1 29 0 7 4354
2 3 0 7 6146
0 15 0 7 7170
0 19 0 0 771
0 0 1 0 1795
0 15 1 0 3587
0 12 0 1 1283
0 16 0 1 3331
1 15 0 1 4099
0 6 1 1 4355
0 20 0 1 5123
0 18 0 1 7171
0 15 0 1 7939
4 1 0 2 2819
12 17 0 2 5379
0 14 1 2 6147
0 19 0 2 7427
0 21 0 3 2051
0 0 1 3 5891
1 13 1 3 6147
0 21 0 3 6915
0 18 0 4 515
1 23 0 4 1539
0 20 0 4 5379
1 19 0 4 7427
0 23 0 5 1027
0 11 0 5 3075
0 19 0 5 4867
1 23 0 5 6915
0 2 1 5 7683
1 12 1 6 5379
0 20 0 6 7427
0 23 0 7 1027
1 20 0 7 2051
0 17 0 7 5891
0 20 0 7 6915
0 22 0 0 1796
1 7 0 0 3844
0 29 0 0 4612
0 12 0 0 5636
4 16 0 1 4
0 22 0 1 1796
0 25 0 1 2820
0 27 0 1 3588
1 17 0 1 3844
0 23 0 1 6660
0 14 0 1 7428
1 24 0 1 7684
0 25 0 2 3076
1 23 0 2 3332
0 12 0 2 4100
0 26 0 2 5124
0 26 0 2 6148
0 16 0 2 7940
1 22 0 3 772
0 17 0 3 4612
0 25 0 3 5636
0 21 0 4 1284
1 1 0 4 2308
0 24 0 4 3076
1 14 0 4 4100
0 16 0 4 6148
1 29 0 4 7172
0 26 0 4 7940
0 11 0 5 772
0 20 0 5 2820
0 21 0 5 3588
0 20 0 5 5636
0 25 0 5 6660
0 27 0 5 7428
1 14 0 5 7684
0 13 0 6 260
0 28 0 6 1284
0 12 0 6 2308
0 19 0 6 3076
1 25 0 6 4100
0 20 0 7 1796
0 12 0 7 2564
1 8 0 7 2820
0 24 1 7 3844
0 12 0 7 4612
0 22 0 7 7428
0 21 0 0 261
0 25 0 0 1285
0 21 0 0 2309
1 15 1 0 4357
1 15 0 0 5125
0 29 0 0 6149
0 10 0 0 6917
1 14 0 0 7173
0 26 0 1 773
1 14 0 1 1797
0 22 0 1 2565
12 23 0 1 7941
0 23 0 2 3589
0 10 0 2 5381
1 17 0 2 5637
0 19 0 2 6405
0 1 1 2 7429
4 27 0 3 2053
0 5 0 4 5
12 15 0 4 2309
4 22 0 6 517
12 15 0 7 5893
4 24 0 7 6917
12 15 0 0 6406
4 18 0 3 4614
12 15 0 3 7686
4 15 0 4 6662
12 23 0 5 518
4 15 0 5 1542
12 27 0 5 6662
4 19 0 6 518
12 15 0 6 2566
4 5 0 7 1798
12 24 0 7 6918
4 19 0 1 2055
12 15 0 4 263
4 20 0 4 5639
12 0 0 5 6663
4 16 0 6 3591
12 1 0 6 4615
4 19 0 6 6663
12 21 0 7 263
0 1 0 7 3335
4 22 0 7 4615
12 24 0 0 4872
4 19 0 0 6920
12 25 0 1 1800
4 14 0 1 2824
12 15 0 2 1800
4 18 0 2 3080
12 29 0 4 8
4 14 0 5 3336
12 5 0 5 6920
4 23 0 6 1288
12 5 0 6 4872
4 15 0 6 5128
0 5 0 7 6408
4 24 0 0 2313
0 23 0 0 4105
4 25 0 0 5385
12 17 0 1 2569
4 16 0 1 7945
12 23 0 2 521
12 15 0 3 3849
4 18 0 3 5897
12 28 0 5 1033
4 18 0 5 6409
12 15 0 6 5129
0 5 0 6 6665
4 23 0 6 7433
0 22 0 7 2313
4 20 0 7 3337
12 15 0 0 266
4 5 0 1 522
12 25 0 2 522
4 16 0 2 2570
12 13 0 2 6666
4 18 0 3 1290
12 15 0 3 3850
0 0 0 6 1034
1 22 1 6 1802
1 29 1 6 2826
0 10 1 6 3594
1 29 1 6 3850
4 28 0 6 4106
0 1 1 6 4618
0 17 1 6 5898
0 10 1 6 6154
1 7 1 6 6410
4 2 0 6 7178
0 13 1 6 7434
0 15 1 6 7690
0 14 1 6 7946
4 22 0 7 10
1 13 1 7 522
1 2 1 7 1034
0 26 1 7 1290
1 9 1 7 2058
0 24 1 7 2314
0 26 1 7 2570
0 21 1 7 2826
12 27 0 7 3338
1 5 1 7 3594
0 4 1 7 5386
0 3 1 7 5898
1 27 0 7 6154
0 11 1 7 6410
0 13 1 7 6666
1 18 1 7 7434
1 18 1 7 7946
1 22 1 0 11
4 5 0 0 523
0 7 1 2 4621
2 1 1 2 5133
0 17 1 2 6413
