1 25 0 6 6913
0 28 0 7 257
1 22 0 7 2305
0 20 0 7 4097
1 23 1 7 4865
0 1 1 0 1794
1 15 1 0 2050
0 21 0 0 3842
1 1 1 1 2
0 26 0 1 1282
1 12 1 1 7426
2 3 1 1 7938
0 14 0 2 2562
1 23 1 3 6914
0 2 1 3 7170
1 24 1 3 7682
0 0 0 3 7938
1 25 1 4 258
1 26 1 4 1282
0 2 1 4 1538
1 27 1 4 2050
0 0 0 4 2306
1 28 1 4 2818
2 2 1 4 3074
1 29 1 4 3842
2 1 1 4 4610
2 3 1 4 5634
2 3 1 4 6402
1 22 0 5 7938
1 26 0 6 1794
0 6 1 6 3586
1 29 0 7 1538
0 19 0 7 5378
1 27 0 0 1027
1 20 0 2 3
0 24 0 2 2051
1 21 0 2 4099
0 16 0 3 5379
0 25 0 3 7171
0 2 1 5 6915
1 23 1 5 7427
2 0 1 5 7683
1 24 1 6 3
1 25 1 6 1027
0 1 1 6 1283
1 26 1 6 1795
1 28 0 6 3587
0 16 1 6 7171
0 25 0 7 3
0 9 0 0 1284
1 24 0 0 3332
0 1 1 0 5124
1 21 0 1 1028
0 22 0 1 2820
1 12 1 1 3332
0 22 0 1 3844
1 26 0 1 4868
0 1 1 1 6916
1 16 1 1 7172
2 1 1 1 7684
1 19 0 2 1028
1 21 0 2 5124
0 2 1 3 516
1 21 0 3 2564
0 10 0 3 6404
1 1 1 4 772
0 25 0 4 2052
1 19 0 4 2308
0 23 0 4 4100
0 2 1 4 7684
1 18 1 5 4
1 24 0 5 516
0 27 0 5 1540
1 14 1 5 4100
1 17 0 5 5380
0 7 1 6 3076
1 24 0 6 4100
0 15 0 7 1540
0 29 0 0 3845
1 17 1 0 4357
2 1 1 0 4869
0 27 0 0 7685
1 29 0 0 7941
0 0 1 1 1541
1 17 1 1 2053
1 23 0 1 2565
0 26 0 1 3589
0 18 0 1 5381
1 22 0 1 5637
1 14 1 1 6149
0 29 0 1 7429
0 24 0 2 1029
0 25 0 3 517
0 16 0 3 2565
1 27 0 3 4613
0 15 1 3 6661
0 19 0 4 5
1 28 0 4 261
0 5 1 4 5893
1 21 0 4 6661
0 26 0 4 7685
0 17 0 5 3333
1 10 1 5 3845
2 2 1 5 4357
1 28 0 5 4613
0 27 0 5 5381
1 14 1 6 1285
0 17 0 6 2821
1 22 0 6 4869
0 14 0 6 6917
0 25 0 7 517
0 28 0 7 3589
1 19 0 7 6405
0 0 1 0 6
1 11 1 0 518
2 3 1 0 1030
0 17 0 0 2054
1 9 0 0 7686
0 29 0 1 1542
0 16 0 1 5382
0 20 0 1 7174
1 23 0 1 7430
2 0 1 2 6
1 22 0 2 262
1 0 1 2 5382
1 14 1 3 2822
0 17 0 4 6
1 16 1 4 518
0 19 0 4 1798
1 20 0 4 2054
0 20 0 4 7686
0 23 0 5 5382
0 16 0 5 7174
1 19 0 5 7430
0 20 0 6 1030
1 25 0 6 3078
0 25 0 6 6662
0 24 0 7 4358
0 26 0 7 6150
1 21 0 0 7
0 25 0 0 1799
1 11 1 0 2311
1 23 1 5 7702
1 24 1 6 534
0 2 1 6 790
1 25 1 6 1302
0 1 1 6 1558
1 26 1 6 2070
2 0 1 6 2326
1 27 1 6 3094
1 28 1 6 3862
0 1 1 6 4118
1 29 1 6 4630
2 3 1 6 4886
2 2 1 6 5654
2 2 1 6 6422
2 3 1 6 7446
0 8 1 7 7702
1 3 1 0 1047
0 10 1 0 1303
0 11 1 0 2071
0 12 1 0 3095
0 13 1 0 3863
0 14 1 0 4631
0 15 1 0 5655
0 16 1 0 6423
0 17 1 0 7191
0 18 1 0 7959
0 19 1 1 791
1 0 1 1 1047
0 20 1 1 1559
0 21 1 1 2327
0 22 1 1 3095
0 23 1 1 4119
0 24 1 1 4887
0 25 1 1 5655
1 2 1 1 5911
0 26 1 1 6423
1 0 1 1 6679
0 27 1 1 7447
0 28 1 2 23
0 29 1 2 791
1 11 1 3 1047
2 1 1 3 1559
1 12 1 3 1815
1 13 1 3 2839
1 14 1 3 3607
0 2 1 3 4119
1 15 1 3 4375
2 2 1 3 4887
1 16 1 3 5399
1 16 1 3 6167
2 1 1 3 6679
1 17 1 3 7191
1 18 1 3 7959
1 19 1 4 535
0 1 1 4 1047
1 20 1 4 1559
2 1 1 4 1815
1 21 1 4 2327
1 22 1 4 3351
12 17 1 6 3099
