0 0 1 7 6657
1 7 0 7 7169
0 26 0 0 1794
0 24 0 0 3586
1 18 0 0 3842
0 20 0 0 5634
0 29 0 0 6658
1 29 0 0 7682
0 1 1 1 514
1 20 1 1 770
0 1 1 1 2306
1 23 1 1 3074
1 3 0 1 3330
1 0 1 1 4610
0 0 1 1 5122
0 22 1 1 6146
0 1 1 1 6658
1 6 0 2 2
0 24 0 2 1794
0 15 0 2 3842
1 22 0 2 4610
0 27 0 2 6658
0 25 0 2 7682
0 6 0 3 1282
1 20 1 3 2050
1 19 1 3 2562
1 20 1 3 3586
1 17 0 3 4354
2 0 1 3 4610
0 22 1 3 5378
0 0 1 3 5634
1 25 1 3 5890
1 25 1 3 6402
1 28 1 3 6914
1 29 1 3 7426
0 4 1 4 2050
1 0 1 4 2818
0 5 1 4 3074
0 5 1 4 3330
0 1 1 4 4354
1 13 1 4 4610
0 21 0 4 4866
0 15 0 4 5634
1 26 0 4 5890
0 18 0 5 514
1 21 0 5 1538
0 1 1 5 1794
0 4 1 5 2562
1 20 1 5 2818
2 0 1 5 3330
0 0 1 5 4354
0 1 1 5 4866
1 24 1 5 5122
1 25 1 5 5634
1 26 1 5 6146
2 2 1 5 6658
0 22 1 5 7426
2 2 1 5 7938
2 3 1 6 770
0 3 1 6 1282
0 6 1 6 3586
0 6 1 6 4098
1 0 1 6 4354
0 9 1 6 5378
0 5 0 6 5890
1 0 1 6 6146
1 19 0 6 6914
0 17 1 7 1026
0 20 1 7 2306
0 11 0 7 2562
0 22 1 7 3330
1 10 1 7 3586
0 23 1 7 3842
1 2 1 7 4354
0 25 1 7 5122
0 26 1 7 5634
0 27 1 7 6146
0 27 1 7 6658
1 5 1 7 7170
1 28 1 7 7426
0 5 1 7 7938
2 1 0 0 259
1 6 1 0 771
1 8 1 0 1283
1 7 1 0 1795
1 10 1 0 2307
2 0 1 0 2563
1 13 1 0 4611
0 0 1 0 4867
0 1 1 0 5379
1 17 1 0 6915
0 26 0 1 1539
0 8 0 1 3587
0 26 0 1 7427
1 23 0 2 1283
0 22 0 2 2051
1 16 0 2 3075
0 12 0 2 6915
1 29 0 3 1795
0 19 0 3 3587
0 22 0 3 4611
1 9 1 3 5635
0 29 0 3 6403
1 10 0 3 7683
0 15 0 4 259
0 23 0 4 2307
1 24 0 4 3075
0 13 0 4 4099
0 1 1 4 7683
2 1 1 5 1539
0 1 1 5 2563
1 25 1 5 3331
1 27 1 5 3843
0 1 1 5 4355
1 28 1 5 4611
0 5 1 5 7683
1 6 1 5 7939
0 5 1 6 771
0 5 1 6 1283
1 24 0 6 2307
0 6 1 6 4611
0 20 0 7 771
0 23 0 7 3843
2 1 1 7 5635
2 0 1 7 6147
1 21 1 7 6403
1 22 1 7 6915
1 24 1 7 7939
0 0 1 0 260
2 2 1 0 772
0 23 1 0 1540
1 29 1 0 2052
2 2 1 0 2564
0 4 1 0 3588
1 4 1 0 3844
1 4 1 0 4868
0 5 1 0 5892
0 5 1 0 6404
0 6 1 0 6916
0 7 0 1 4
1 5 0 1 1028
0 12 1 1 1540
0 13 1 1 2052
0 3 0 1 2820
0 17 1 1 3844
0 18 1 1 4356
0 21 1 1 5636
1 12 0 1 5892
0 23 1 1 6660
0 24 1 1 7172
0 26 1 2 260
0 27 1 2 772
0 27 1 2 1284
0 16 0 2 1540
0 26 1 2 1796
1 4 1 2 2308
1 5 1 2 2820
2 0 1 2 3588
0 4 1 2 4100
0 2 1 2 4612
1 10 1 2 5124
1 9 1 2 5636
2 0 1 2 5892
1 12 1 2 6148
1 11 0 2 6404
2 1 0 2 7428
1 17 1 3 772
0 1 1 3 1028
1 16 1 3 1284
0 23 0 3 2052
0 24 0 3 2820
1 22 0 3 3076
0 20 0 3 4868
0 25 0 4 516
1 26 0 4 3588
0 29 0 4 5380
1 25 0 4 6404
0 17 0 4 7428
0 24 0 5 3076
0 4 1 5 3844
0 29 0 5 4100
1 12 0 5 4868
0 15 0 5 5892
0 1 1 5 6148
1 16 0 6 516
0 21 0 6 1540
0 17 0 6 2564
0 20 0 6 4356
1 21 0 6 4612
0 1 1 6 6404
1 20 1 6 7172
1 20 1 6 7684
1 10 0 7 260
0 0 1 7 516
0 28 1 7 1028
0 11 0 7 4100
0 13 0 7 5124
1 28 0 7 5892
0 20 0 7 6916
0 27 0 0 773
0 1 1 0 3845
1 20 1 0 4101
0 11 0 0 4613
1 20 1 0 5125
1 22 1 0 6405
0 1 1 0 6661
1 24 1 0 6917
1 25 1 0 7429
1 26 1 0 7941
0 3 0 1 261
2 3 1 1 773
1 26 0 1 1285
0 5 1 1 4869
1 2 1 1 5381
1 23 0 1 6149
0 26 0 1 6917
0 23 0 2 2565
1 18 0 2 2821
0 17 0 2 3589
0 28 0 2 6405
2 1 0 2 7429
0 26 0 3 261
0 26 0 3 1285
0 26 0 3 3077
0 25 0 4 1797
1 22 0 4 2821
0 26 0 4 4613
0 29 0 4 6661
0 29 0 4 7685
0 29 0 5 261
1 15 0 5 1285
0 27 0 5 4357
0 28 0 5 5125
1 22 0 5 5381
0 19 0 5 6149
0 21 0 6 5
0 19 0 6 1797
1 15 0 6 2053
0 27 0 6 2821
0 25 0 6 5893
0 24 0 6 6661
1 29 0 6 6917
0 28 0 6 7685
0 14 0 7 517
0 28 0 7 2309
1 18 0 7 2565
0 22 0 7 5381
1 2 0 7 6405
0 27 0 7 7173
1 20 0 7 7429
0 20 0 0 2054
0 19 0 0 3078
0 16 0 1 2566
0 28 0 1 3590
0 26 0 1 4358
0 29 0 1 6406
0 21 0 1 7430
0 14 0 2 262
1 10 0 2 4102
0 13 0 2 5894
0 29 0 2 7942
1 0 0 3 1798
0 26 0 3 3590
0 24 0 3 4614
0 27 0 3 6406
1 16 0 3 6662
0 19 0 3 7430
0 11 0 4 262
0 16 0 4 1286
1 12 0 4 2310
2 3 0 4 6150
1 20 0 4 7174
0 22 0 5 1798
0 28 0 5 4614
0 26 0 5 6662
0 16 0 5 7686
0 26 0 6 3334
1 6 0 6 7174
0 14 0 7 1030
1 17 0 7 2054
0 11 0 7 2822
0 24 0 7 5894
0 24 0 7 6662
0 27 0 7 7686
0 29 0 0 519
1 2 0 0 2567
0 24 0 0 3335
1 17 0 0 4359
0 27 0 0 6407
1 21 0 0 7431
0 26 0 1 2055
1 18 0 1 3079
0 19 0 1 4871
1 25 0 1 5895
0 28 0 1 7687
1 12 0 2 1543
0 22 0 2 2567
1 6 0 2 3591
0 13 0 2 4359
1 5 0 2 4615
0 22 0 2 5383
0 22 0 2 7431
0 29 0 3 263
0 27 0 3 1031
1 16 0 3 2055
0 18 0 3 3079
0 17 0 3 5127
0 12 0 3 6919
0 19 0 4 775
0 20 0 4 1543
1 16 0 4 1799
0 14 0 5 1287
0 15 0 5 3079
0 15 0 5 4103
0 17 0 5 6151
0 16 0 5 6919
2 3 0 5 7175
1 12 0 5 7943
0 14 0 6 775
1 10 0 6 1799
0 29 0 6 2823
1 15 0 6 3591
0 29 0 6 7687
0 26 0 7 263
2 2 0 7 519
0 25 0 7 1287
0 23 0 7 2311
0 20 0 7 3335
0 24 0 7 4359
1 2 0 7 5127
0 29 0 7 6151
1 23 0 7 7175
0 11 0 0 8
0 25 0 0 3848
0 11 0 0 6664
0 8 0 1 520
0 23 0 1 2312
0 21 0 1 5384
1 8 0 1 6408
0 19 0 1 7176
0 20 0 2 1032
1 11 0 2 4872
0 20 0 2 6920
1 13 0 2 7944
0 19 0 3 520
0 17 0 3 1544
0 19 0 3 2568
1 12 0 3 3592
0 21 0 3 5384
0 10 0 3 6408
0 28 0 3 7432
0 16 0 4 8
1 22 0 4 264
0 29 0 4 1032
0 25 0 4 4104
0 24 0 4 4872
1 17 0 4 5128
0 14 0 4 5896
1 19 0 4 6152
0 20 0 4 7944
0 17 0 5 776
0 28 0 5 4616
0 11 0 5 7432
0 16 0 6 264
0 22 0 6 1288
0 15 0 6 2056
0 24 0 6 7944
1 21 0 7 776
0 26 0 7 1800
0 20 0 7 3592
2 2 0 7 3848
0 25 0 7 4616
0 20 0 7 5640
0 22 0 7 6664
0 27 0 0 1289
0 13 0 0 5129
0 25 0 0 6153
1 21 0 0 7177
0 25 0 1 777
1 14 0 1 1033
0 19 0 1 1801
0 21 0 1 2825
0 15 0 1 4873
0 29 0 1 6665
0 21 0 1 7689
1 24 0 2 521
0 20 0 2 1545
0 20 0 2 3337
0 18 0 2 4361
0 26 0 2 5385
1 2 0 2 6409
0 15 0 2 7177
0 20 0 3 9
0 22 0 3 2057
0 28 0 3 3849
0 18 0 3 4873
1 20 0 3 5897
0 15 0 3 7689
1 20 0 3 7945
0 29 0 4 521
0 25 0 4 6409
1 18 0 5 9
0 19 0 5 1033
0 29 0 5 2057
0 29 0 5 4105
0 21 0 5 6921
1 12 0 5 7945
0 27 0 6 4617
0 27 0 6 5385
0 22 0 7 4105
0 23 0 7 5129
0 29 0 0 1802
1 0 0 0 3594
0 29 0 0 5642
0 27 0 0 6666
0 16 0 1 2314
0 29 0 1 4106
1 19 0 1 5130
0 12 0 2 1802
0 28 0 2 2826
0 17 0 2 4618
1 19 0 2 4874
0 14 0 2 5642
0 22 0 3 1290
1 19 0 3 1546
0 14 0 4 10
0 27 0 4 1034
0 24 0 4 3850
0 26 0 4 4874
0 20 0 5 1546
0 28 0 5 2570
0 23 0 5 3338
1 27 0 5 3594
0 15 0 5 5386
0 22 0 6 10
1 19 0 6 266
0 29 0 6 1034
1 24 0 6 3082
0 25 0 6 4874
0 21 0 6 7946
2 2 0 7 1802
1 21 0 7 2570
0 19 0 7 4618
0 25 0 7 5386
1 22 0 7 5642
0 27 0 7 7434
0 23 0 0 1291
0 20 0 0 2059
1 14 0 0 2315
0 15 0 0 3083
0 15 0 0 6155
0 13 0 0 6923
0 14 0 1 1803
0 29 0 1 3595
0 23 0 1 7435
1 26 0 2 267
0 24 0 2 1291
0 26 0 2 5131
0 16 0 2 7179
0 29 0 2 7947
1 8 0 3 779
0 17 0 3 1803
0 27 0 3 3851
1 7 0 3 4619
0 25 0 3 5643
1 20 0 3 6667
0 12 0 3 7691
0 19 0 4 1291
1 23 0 4 1547
0 24 0 4 5131
1 14 0 4 5387
0 10 0 4 7179
0 12 0 5 11
0 14 0 5 1803
1 23 0 5 2059
0 26 0 5 2827
0 20 0 5 3851
0 16 0 5 4875
1 1 0 5 5899
0 28 0 5 6667
0 26 0 6 523
1 16 0 6 1547
0 19 0 6 4363
0 24 0 7 4875
1 17 0 7 5899
0 12 0 7 6923
0 14 0 0 524
0 11 0 1 2060
1 21 0 1 3084
0 22 0 1 6924
1 22 0 2 780
0 14 0 2 1548
1 15 0 2 1804
0 27 0 2 4620
0 27 0 2 6412
1 12 0 3 268
0 26 0 3 1292
0 20 0 3 2316
0 25 0 3 5132
1 28 0 3 6156
0 21 0 3 7180
0 24 0 4 5644
1 8 0 4 6668
0 26 0 4 7692
1 7 0 5 268
0 26 0 5 5132
1 21 0 5 5388
0 18 0 5 6156
1 17 0 6 1804
0 13 0 6 5644
2 2 0 6 5900
1 10 0 6 6668
0 27 0 6 7692
0 27 0 7 1548
0 9 0 7 2316
1 22 0 7 2572
0 16 0 7 4364
0 24 0 7 6412
0 16 0 0 2061
0 26 0 0 2829
0 21 0 0 5901
0 20 0 1 525
0 28 0 1 1549
0 25 0 1 4365
1 19 0 1 4621
0 26 0 1 5389
0 15 0 1 6413
0 26 0 2 269
0 23 0 2 3085
0 28 0 2 4109
0 27 0 2 4877
1 21 0 2 5133
0 8 0 2 7949
1 7 0 3 781
0 17 0 3 3597
0 16 0 3 5645
0 20 0 3 6413
1 27 0 3 6669
0 28 0 4 2317
0 29 0 4 3085
0 24 0 4 6925
0 16 0 5 3597
1 19 0 5 3853
0 18 0 5 4621
1 23 0 5 5645
0 14 0 5 7693
0 28 0 6 5133
1 15 0 6 5389
0 24 0 6 6157
1 23 0 6 7181
0 8 0 7 781
1 24 0 7 1037
1 12 0 7 1805
0 26 0 7 2829
0 29 0 7 4877
1 4 0 7 7693
0 25 0 0 2318
1 17 0 0 2574
0 18 0 0 3342
0 25 0 0 4366
1 11 0 0 6414
0 23 0 0 7182
0 26 0 1 14
0 24 0 1 1038
0 29 0 1 2830
1 14 0 1 3086
0 9 0 1 3854
0 17 0 1 6926
0 17 0 2 3598
0 27 0 2 4366
1 18 0 2 5390
0 16 0 3 2062
0 11 0 3 6926
0 28 0 4 782
0 22 0 5 270
0 26 0 5 4110
0 25 0 5 7950
0 20 0 6 3598
1 7 0 6 3854
0 18 0 6 6670
0 23 0 6 7438
1 20 0 6 7694
0 22 0 7 3342
1 15 0 7 4366
0 1 1 7 7694
1 19 1 7 7950
1 23 0 0 15
0 1 1 0 527
1 20 1 0 783
0 0 1 0 1039
1 21 1 0 1295
0 1 1 0 2831
0 0 1 0 3343
1 26 1 0 3599
1 28 1 0 4623
0 6 1 0 4879
1 29 1 0 5135
2 3 1 0 5647
1 0 1 0 6927
0 4 1 0 7951
1 26 0 1 527
0 5 1 1 783
1 2 1 1 1551
0 8 1 1 2575
0 1 0 1 3343
1 13 0 1 4367
0 13 1 1 4879
0 13 1 1 5391
0 16 1 1 6159
0 17 1 1 6671
