1 22 0 7 3328
0 16 0 7 5120
0 22 0 7 6144
1 14 0 7 7168
0 20 0 0 1793
1 21 0 0 2817
0 9 0 0 4609
1 27 1 0 5633
0 27 0 0 6657
0 18 0 0 7681
0 20 0 1 257
0 15 0 1 2305
0 24 0 1 4097
0 23 0 1 7169
0 28 0 2 769
0 24 0 2 2817
1 9 0 2 3841
0 29 0 2 4609
0 17 0 3 1281
0 10 0 3 3073
1 12 1 3 4097
0 8 0 3 7937
1 3 0 4 769
0 21 0 4 1793
1 15 1 4 4865
1 10 0 4 7425
0 19 0 5 257
0 21 0 5 1281
0 19 0 5 2305
0 21 0 5 3073
1 20 0 5 3329
0 29 0 5 4097
0 28 0 5 6145
0 25 0 5 7937
0 3 0 6 3073
0 12 0 6 3585
0 20 0 6 6657
1 1 0 6 7425
0 17 0 7 1281
0 9 0 7 3329
0 21 0 7 4097
1 12 0 7 4353
0 24 0 7 6145
0 29 0 7 7169
1 0 0 7 7937
0 18 0 0 2818
4 17 0 0 4610
0 22 0 0 7682
1 21 0 1 258
0 18 0 1 770
1 17 1 1 1794
1 17 0 1 2050
0 26 0 1 5890
1 7 0 1 6658
0 10 0 1 7682
0 21 0 2 1538
0 29 0 2 6146
1 13 0 2 6402
0 12 0 3 1026
0 22 0 3 1794
1 18 0 3 2050
0 1 1 3 2818
1 11 1 3 3074
0 28 0 3 3842
0 15 0 3 4866
0 22 0 3 5634
1 15 0 3 7682
0 17 0 4 514
0 28 0 4 1538
0 21 0 4 2306
0 18 0 4 5378
0 11 0 5 1026
4 22 0 5 4610
0 18 0 5 5890
0 20 0 5 6914
1 7 0 5 7938
0 25 0 6 514
0 24 0 6 4354
0 29 0 6 7426
0 26 0 7 2
1 25 0 7 258
0 22 0 7 3074
0 29 0 7 3842
1 3 1 7 4354
0 12 0 7 5890
0 27 0 7 7938
0 28 0 0 515
0 13 0 0 3587
0 21 0 0 5379
0 7 0 0 6403
0 25 0 1 3
1 8 0 1 1027
0 12 0 1 2051
0 18 1 1 3075
1 13 0 1 4099
0 16 0 1 4867
0 5 0 1 5891
0 23 0 1 6915
0 21 0 1 7683
1 15 0 2 515
0 21 0 2 2563
0 24 0 2 3331
0 15 0 2 6403
1 9 0 3 3
0 27 0 3 1027
0 18 0 3 3075
0 4 1 3 3843
1 5 0 3 4099
1 18 0 3 4867
0 17 0 3 6915
0 9 0 4 1539
0 20 0 4 4355
0 5 1 4 5379
0 21 0 5 3
0 17 0 5 3843
1 23 0 5 4099
0 20 0 5 4867
0 29 1 5 5891
0 6 0 5 6915
0 21 0 6 771
0 19 0 6 1539
0 16 0 6 3587
0 24 0 6 6915
0 16 0 6 7683
1 13 0 6 7939
1 4 1 7 6147
1 2 0 7 7427
0 25 0 0 260
0 22 0 0 1284
0 18 0 0 3076
0 15 0 0 4100
1 16 0 0 5380
0 16 0 0 6916
0 23 0 0 7940
0 13 0 1 2564
1 16 0 1 4612
0 1 1 1 5636
0 2 1 1 7940
1 2 0 2 260
0 23 0 2 1028
0 16 0 2 2052
0 19 0 2 3844
1 11 0 2 4100
0 21 0 2 6916
0 11 1 2 7940
1 13 0 3 772
0 21 0 3 1540
0 18 0 3 3588
1 23 0 3 4356
0 29 0 3 5636
0 18 0 3 6660
0 28 0 3 7428
1 22 0 3 7684
0 14 0 4 1284
0 17 0 4 2308
0 3 1 4 4100
0 12 0 4 6916
1 24 0 4 7172
0 23 0 4 7940
0 7 0 5 772
0 21 0 5 1796
1 17 0 5 3588
12 5 0 5 5380
1 8 1 5 5636
1 13 0 5 5892
0 18 0 5 6660
0 29 0 6 516
1 8 0 6 1284
0 10 0 6 3332
1 4 0 6 4356
0 1 1 6 5124
0 24 0 6 6148
0 27 0 7 4
0 11 0 7 772
1 21 0 7 1028
0 26 0 7 2820
1 15 0 7 3844
0 29 0 7 4868
0 14 0 7 6660
0 22 0 0 517
0 28 0 0 2309
0 22 0 0 5125
1 29 0 0 6149
0 26 0 0 7173
0 22 0 1 773
1 24 1 1 4357
0 24 0 1 7429
0 21 0 2 2053
0 0 1 2 3077
1 11 1 2 4101
0 22 0 2 7941
0 24 0 3 517
0 27 1 3 4613
0 25 0 3 5381
0 25 0 4 1029
0 29 0 4 2053
1 10 0 4 3077
0 0 1 4 4869
1 6 1 4 5893
1 5 0 5 2821
0 1 1 5 3589
1 26 1 5 3845
1 26 1 5 4101
1 25 1 5 4357
0 3 1 5 5381
1 5 1 6 261
12 3 0 6 773
0 20 1 6 1285
0 25 1 6 2309
12 29 0 6 2565
0 27 1 6 2821
1 14 1 6 3589
0 27 1 6 3845
1 23 1 6 4101
1 8 1 6 5125
0 4 1 6 6405
0 4 1 6 6661
0 6 1 6 6917
2 1 1 6 7173
4 11 0 6 7685
1 27 1 7 5
2 3 1 7 261
1 18 1 7 517
1 20 1 7 773
4 20 0 7 2309
0 5 0 0 3846
4 1 0 0 4870
0 26 0 0 5638
0 13 0 1 262
1 6 0 1 518
0 28 0 1 3334
0 8 0 1 4102
1 12 0 1 4358
0 29 0 1 6150
0 23 0 2 4614
1 17 0 2 5638
0 25 0 2 7686
0 28 0 3 262
0 28 0 3 3334
1 18 0 3 4358
0 25 0 3 5126
0 17 0 3 6150
0 28 0 3 7174
1 25 0 3 7942
0 7 0 4 774
1 26 1 4 3590
1 28 1 4 4358
12 26 0 4 4614
0 5 1 4 5382
2 2 1 4 6406
1 0 1 5 6
0 5 1 5 262
0 8 1 5 518
0 23 1 5 1542
1 2 1 5 1798
1 4 1 5 2054
4 17 0 5 2310
0 14 1 5 2822
1 2 1 5 3590
1 20 1 5 4102
0 29 1 5 4870
0 26 1 5 5126
0 28 1 5 5382
0 25 1 5 5638
0 27 1 5 5894
1 4 1 5 6662
1 7 1 5 7174
1 6 1 5 7430
1 19 1 5 7942
0 11 1 6 774
1 24 1 6 1542
0 2 1 6 1798
4 12 0 6 2054
12 10 0 6 3078
4 4 0 7 1542
1 21 0 7 2054
1 27 0 7 3846
0 21 0 7 4870
0 23 0 7 5894
0 23 0 0 1543
0 25 0 0 3335
1 20 0 0 3591
0 11 0 0 5383
1 1 1 0 5639
0 24 0 0 6407
1 3 0 0 7175
0 21 0 1 7
0 22 0 1 5895
0 5 1 1 6919
0 23 0 1 7687
0 28 0 2 2567
0 15 0 2 4359
1 11 1 2 4615
1 15 0 2 4871
0 11 0 2 6407
0 8 0 2 7175
0 14 0 3 7
0 6 0 3 1031
2 3 0 3 1287
0 9 0 3 5383
0 11 0 3 6407
0 12 0 3 7431
12 15 0 3 7687
1 28 0 4 1799
0 8 0 4 2567
0 5 0 4 3591
4 26 0 4 4103
12 5 0 4 5895
4 15 0 4 7175
12 0 0 5 263
0 29 0 5 2823
4 3 0 5 3847
12 9 0 5 5895
4 25 0 0 520
12 16 0 0 4360
4 20 0 0 7176
12 9 0 1 1544
4 3 0 1 2312
12 5 0 1 3336
4 3 0 2 4616
12 13 0 2 6408
4 0 0 2 7688
12 3 0 3 1288
4 23 0 4 520
12 5 0 4 2312
0 29 0 4 2568
4 23 0 4 2824
12 27 0 4 5896
4 16 0 5 776
12 3 0 5 4360
4 20 0 5 5896
12 3 0 5 6152
4 5 0 6 1032
12 15 0 6 6152
4 25 0 0 6409
12 19 0 1 2313
4 21 0 1 4361
12 29 0 2 3337
4 23 0 3 5385
12 2 0 3 7433
4 3 0 3 7689
12 28 0 5 1545
4 27 0 5 2825
12 3 0 5 3593
4 24 0 5 6665
12 27 0 6 5641
4 5 0 6 6921
12 22 0 7 9
4 3 0 7 521
12 2 0 7 2569
12 20 0 7 5641
0 24 0 1 1546
12 20 0 1 1802
4 5 0 1 3082
0 18 0 1 4106
4 19 0 1 7178
12 3 0 2 10
12 16 0 2 5130
4 15 0 2 6154
12 27 0 3 1034
4 3 0 3 5130
12 14 0 3 7178
4 21 0 4 6154
12 3 0 5 3338
4 5 0 5 4618
12 21 0 6 10
4 5 0 6 1290
12 14 0 6 2058
4 25 0 6 4362
12 3 0 7 7434
4 3 0 1 5643
12 2 0 1 7691
4 18 0 2 5643
12 24 0 2 6667
4 26 0 3 3595
0 5 0 3 4619
4 17 0 3 5643
12 18 0 3 7691
4 19 0 4 1803
12 0 0 4 2571
4 15 0 5 2059
12 23 0 5 4107
4 24 0 5 5131
12 3 0 6 2315
4 5 0 6 3595
12 3 0 6 6667
4 5 0 7 2571
4 19 0 0 7180
12 0 0 0 7948
0 9 0 2 6924
4 3 0 2 7180
12 18 0 3 1292
12 9 0 4 2316
4 3 0 4 3340
12 8 0 4 6412
4 25 0 5 524
12 13 0 5 4364
0 3 1 7 1804
2 0 1 7 2060
1 25 1 7 2572
1 25 1 7 2828
2 2 1 7 3340
0 1 1 7 3852
1 4 1 7 6668
0 9 1 7 6924
0 14 1 7 7180
0 15 1 7 7436
0 23 1 7 7692
1 6 1 0 13
0 18 1 0 269
0 21 1 0 525
0 26 1 0 1037
0 7 1 7 6158
12 10 1 7 6414
1 1 1 0 783
12 18 1 0 2063
