0 16 0 7 2304
0 22 0 7 3328
1 14 0 7 4096
0 20 0 7 7168
1 21 0 7 7936
0 9 0 0 1793
1 21 1 0 2049
0 27 0 0 2817
0 18 0 0 3585
1 11 0 0 3841
0 20 0 0 4609
0 15 0 0 6657
4 26 0 0 7681
0 24 0 1 257
0 23 0 1 3329
1 15 0 1 4353
0 28 0 1 5121
0 24 0 1 7169
1 9 0 2 1
0 29 0 2 769
0 17 0 2 5633
0 10 0 2 7425
0 8 0 3 3073
1 3 0 3 4097
0 21 0 3 5121
0 22 0 3 7169
1 16 1 4 1
0 11 1 4 769
2 3 0 4 1025
0 29 0 4 2049
1 17 0 4 3073
0 28 0 4 3841
0 25 0 4 5889
0 24 0 5 2305
0 11 0 5 3329
1 29 0 5 3585
0 26 0 5 5377
0 22 0 5 6401
1 23 0 5 7425
0 25 0 6 1
0 5 1 6 257
0 20 0 6 1025
0 21 0 6 2049
0 24 0 6 3841
0 29 0 6 4865
0 29 0 6 5889
0 18 0 7 513
0 14 0 7 2561
0 25 0 7 4609
0 20 1 7 7425
2 1 0 0 514
0 25 0 0 1282
0 19 0 0 3330
1 21 0 0 4098
0 12 0 0 5122
0 25 0 0 6146
0 24 0 0 7938
0 23 0 1 2818
1 28 0 1 3842
0 15 0 1 5634
0 29 0 1 6658
4 5 0 2 7170
1 27 0 2 7426
0 18 0 3 2050
0 26 0 3 4866
0 22 0 3 5890
0 15 0 3 6914
0 11 1 3 7938
0 26 0 4 2
0 22 0 4 1538
0 10 0 4 2562
0 19 0 4 4354
1 14 0 4 4610
0 29 0 4 5378
1 17 0 5 3842
0 15 0 5 4866
1 11 0 5 6658
0 27 0 5 7682
0 18 0 6 1282
1 22 0 6 1538
1 18 0 6 3330
0 17 0 6 5122
1 24 0 6 5378
0 9 0 7 2
0 20 0 7 2818
0 10 0 7 6146
1 21 0 7 7170
0 27 0 0 1795
0 11 0 0 2563
0 23 0 0 3587
0 21 1 1 3
0 4 0 1 259
0 16 0 1 1027
0 23 0 1 2051
0 13 0 1 4867
1 16 0 1 6915
0 6 1 1 7939
0 21 0 2 515
1 22 0 2 2563
0 24 0 2 4355
0 27 0 2 6403
4 26 0 3 1027
1 3 1 3 1283
0 23 0 3 2051
0 27 0 3 5891
0 5 1 4 1539
4 27 0 4 2051
0 17 0 4 3587
0 21 0 4 5379
0 20 1 4 6403
0 16 0 4 6915
1 4 0 4 7171
0 19 0 5 3
1 11 0 5 259
0 21 0 5 3075
0 24 1 5 4867
1 3 1 5 5891
0 22 0 5 6915
0 21 0 5 7939
0 18 0 6 1539
0 18 1 6 6403
0 10 0 6 6659
0 23 0 7 3
0 11 0 7 2051
0 19 0 7 3843
1 7 1 7 5123
0 28 0 7 5891
0 14 0 7 7683
1 11 0 7 7939
0 17 0 0 516
0 12 0 0 6404
0 23 0 0 7428
0 7 0 1 4
0 25 0 1 4868
0 0 1 1 5892
1 14 1 1 6916
0 25 0 2 1540
0 28 0 2 4356
0 25 0 2 5380
0 26 0 2 7172
1 15 0 2 7428
0 29 0 3 1028
1 8 0 3 2052
0 10 0 3 3844
1 4 0 3 4868
0 26 0 3 6916
12 1 0 4 516
4 18 0 4 3076
0 3 1 4 5124
2 1 1 4 6148
0 16 1 4 6916
0 3 1 4 7172
0 6 1 4 7428
0 25 1 5 1284
0 7 1 5 2052
0 2 0 5 2564
12 18 0 5 3332
0 11 1 5 3588
0 23 1 5 4612
1 4 1 5 4868
0 25 1 5 5892
4 1 0 5 6404
0 23 1 5 6660
1 8 1 5 6916
0 26 1 5 7172
0 24 1 5 7428
1 0 1 6 516
1 20 1 6 1540
0 7 0 6 1796
0 24 0 6 2308
1 16 1 6 2564
1 18 1 6 2820
1 13 1 6 3076
1 13 1 6 3332
0 2 1 6 4100
4 1 0 6 5380
1 20 0 0 517
1 14 0 0 5381
0 10 0 0 6405
0 19 0 1 5
0 23 0 1 2821
1 19 0 1 3077
4 10 0 1 4869
1 22 0 1 5893
0 25 0 1 6917
0 16 0 2 2565
4 3 0 2 2821
1 25 1 2 6149
2 2 1 2 6405
4 18 0 2 6661
0 14 1 2 6917
1 28 1 2 7173
0 24 1 2 7429
2 2 1 2 7685
0 7 1 3 517
0 7 1 3 1797
12 14 0 3 2565
0 17 1 3 2821
1 7 1 3 3333
0 14 1 3 3589
0 19 1 3 4101
0 21 1 3 4357
0 12 0 3 4869
0 26 1 3 6149
1 17 1 3 6917
0 28 1 3 7173
0 28 1 3 7429
0 6 1 4 261
2 0 1 4 517
2 3 1 4 773
1 10 1 4 1797
0 4 1 4 2053
0 3 1 4 3077
4 19 0 4 3589
1 21 1 4 3845
12 26 0 5 5381
0 18 0 6 3845
0 20 0 6 7685
0 10 0 7 517
0 23 0 7 1541
1 13 0 7 5381
1 28 0 7 6405
1 17 0 0 1030
0 15 0 0 1798
1 6 0 0 2822
0 27 0 0 3846
1 23 0 0 4870
0 21 0 0 6662
0 23 0 0 7686
0 23 0 1 5382
0 25 0 1 7174
0 11 0 2 1030
0 27 0 2 1798
1 10 0 2 2822
0 25 0 2 3846
1 7 0 2 4870
0 21 0 2 5638
1 17 0 2 5894
1 20 0 3 1542
0 22 0 3 3334
0 13 0 3 6150
0 28 0 4 1798
0 15 0 4 3846
0 16 0 4 4870
1 10 1 5 4102
0 17 0 5 4358
0 12 0 5 6406
0 11 0 5 7430
1 26 0 6 6
0 10 0 6 1030
1 6 0 6 1286
0 9 0 6 2054
0 10 0 6 3078
0 13 0 6 3846
0 9 0 6 4870
1 20 0 6 5126
0 5 0 6 5894
4 22 0 7 2310
0 3 0 0 2567
4 5 0 0 3335
0 24 0 5 7943
0 5 0 1 776
4 23 0 1 1544
0 26 0 5 6664
4 8 0 6 6920
0 20 0 5 778
4 22 0 5 2058
1 23 1 0 7180
2 3 1 0 7948
1 25 1 1 12
1 27 1 1 268
2 1 1 1 524
0 3 1 1 780
1 1 1 1 3340
0 13 1 1 3596
0 10 1 1 3852
1 3 1 1 4108
0 22 1 1 5132
0 13 1 1 5388
0 26 1 1 7692
1 14 1 2 1804
1 17 1 2 2572
2 0 1 2 3340
1 23 1 2 3596
0 5 1 3 1294
0 28 1 3 2574
12 25 1 3 3086
1 13 1 3 5134
1 7 1 3 5902
12 16 1 3 6158
1 24 1 3 7182
