1 7 0 2 3840
0 26 0 2 4352
0 20 0 2 5120
0 29 0 2 5376
0 16 0 2 6144
0 23 0 2 6400
0 29 0 2 6912
0 28 0 2 7680
0 15 0 2 7936
1 28 0 3 512
0 6 0 3 1024
0 26 0 3 1536
1 9 0 3 1792
0 17 0 3 2048
0 17 0 3 2560
0 20 0 3 3072
0 15 0 3 3584
0 18 0 3 4096
0 21 0 3 4608
0 29 0 3 4864
0 21 0 3 5888
0 7 0 3 6144
0 21 0 3 6912
0 19 0 3 7168
1 7 0 3 7424
0 16 0 3 7680
0 27 0 3 7936
1 14 0 4 0
0 20 0 4 256
0 27 0 4 1024
1 0 0 4 1280
0 28 0 4 2048
0 29 0 4 2816
0 8 0 4 3072
0 23 0 4 3328
0 26 0 4 3840
1 4 0 4 4608
0 12 0 4 5376
0 23 0 4 5632
0 19 0 4 6400
0 22 0 4 6656
0 29 0 4 6912
0 17 0 4 7168
0 20 0 4 7424
0 23 0 4 7680
1 29 0 4 7936
0 13 0 5 0
0 16 0 5 768
0 8 0 5 1024
1 6 0 5 1280
0 19 0 5 1536
0 25 0 5 2048
1 20 0 5 2560
0 16 0 5 4352
0 15 0 5 4608
0 23 0 5 4864
0 19 0 5 5120
0 23 0 5 5888
0 14 0 5 6656
1 15 0 5 6912
0 26 0 5 7168
0 28 0 5 7936
0 19 0 6 768
0 21 0 6 1024
0 16 0 6 1536
0 23 0 6 2816
0 24 0 6 3072
0 20 0 6 3328
0 25 0 6 4096
0 29 0 6 4608
0 29 0 6 5120
0 24 0 6 6144
1 10 0 6 6656
0 15 0 6 6912
0 21 0 6 7680
0 17 0 6 7936
0 20 0 7 0
0 23 0 7 512
1 10 0 7 768
0 23 0 7 1024
0 11 0 7 1536
0 13 0 7 1792
1 18 0 7 2048
0 28 0 7 2304
0 27 0 7 2560
0 14 0 7 3328
1 28 0 7 3584
0 24 0 7 3840
0 21 0 7 4352
0 28 0 7 4864
0 23 0 7 6144
0 17 0 7 6400
0 26 0 7 7680
0 26 0 7 7936
0 25 0 0 1025
1 22 0 0 1281
0 26 0 0 1793
0 29 0 0 2049
0 29 0 0 2305
0 29 0 0 2561
0 27 0 0 3329
1 22 0 0 3585
0 21 0 0 4097
0 27 0 0 4609
0 24 0 0 5377
0 28 0 0 5633
0 14 0 0 5889
0 28 0 0 6145
1 10 0 0 6913
0 27 0 0 7169
0 20 0 0 7681
0 19 0 0 7937
0 16 0 1 1281
0 26 0 1 1793
0 29 0 1 2049
0 21 0 1 2305
0 14 0 1 2561
1 10 0 1 3329
0 13 0 1 3585
0 29 0 1 4097
1 0 0 1 4353
0 26 0 1 4865
0 27 0 1 5377
0 19 0 1 5633
0 16 0 1 5889
1 12 0 1 6145
0 22 0 1 7681
0 26 0 2 513
0 16 0 2 769
0 26 0 2 1537
0 14 0 2 2561
0 11 0 2 3073
0 24 0 2 3585
0 24 0 2 3841
0 29 0 2 4097
1 17 0 2 4865
0 27 0 2 5377
1 21 0 2 5633
0 26 0 2 6145
1 8 0 2 6401
0 19 0 2 6657
1 25 0 2 6913
1 12 0 2 7681
0 22 0 2 7937
0 13 0 3 1
0 22 0 3 257
0 29 0 3 769
0 27 0 3 1025
1 16 0 3 1281
0 17 0 3 1793
0 19 0 3 2561
0 20 0 3 2817
0 14 0 3 4353
0 15 0 3 4865
0 17 0 3 5377
1 12 0 3 5633
0 14 0 3 5889
1 10 0 3 6145
1 15 0 3 6401
0 29 0 3 7169
0 26 0 3 7425
0 20 0 3 7937
0 24 0 4 1
1 1 0 4 257
1 23 0 4 513
0 11 0 4 769
0 25 0 4 1537
0 11 0 4 2049
0 8 0 4 2561
0 21 0 4 3585
0 19 0 4 3841
0 20 0 4 4353
1 11 0 4 5121
0 20 0 4 5377
0 19 0 4 5889
0 19 0 4 6145
0 10 0 4 6913
0 28 0 4 7169
0 16 0 4 7425
0 25 0 5 1
1 17 0 5 257
0 20 0 5 769
0 17 0 5 1025
0 28 0 5 1793
0 11 0 5 2305
0 16 0 5 2561
0 15 0 5 2817
0 24 0 5 4097
0 20 0 5 4865
0 20 0 5 5121
0 22 0 5 5377
0 13 0 5 6657
0 25 0 5 6913
1 21 0 5 7169
0 19 0 5 7681
0 21 0 5 7937
0 29 0 6 513
0 20 0 6 1025
0 20 0 6 1537
0 26 0 6 1793
1 2 0 6 2049
0 15 0 6 2305
0 22 0 6 2817
0 18 0 6 3329
1 20 0 6 3585
0 15 0 6 3841
1 20 0 6 4097
0 25 0 6 5377
0 19 0 6 5889
0 29 0 6 6145
0 21 0 6 7169
0 27 0 7 1
0 27 0 7 257
0 22 0 7 1537
0 23 0 7 1793
0 29 0 7 2817
0 29 0 7 3585
0 16 0 7 4609
0 29 0 7 4865
1 19 0 7 5121
0 12 0 7 6145
0 17 0 7 6657
0 14 0 7 6913
0 22 0 7 7681
0 14 0 0 770
0 27 0 0 1026
0 24 0 0 1538
0 26 0 0 1794
0 20 0 0 2818
0 23 0 0 3074
0 15 0 0 3586
0 22 0 0 4098
0 29 0 0 4354
1 24 0 0 4610
0 25 0 0 5122
0 21 0 0 5634
0 19 0 0 6658
1 11 0 0 6914
0 27 0 0 7170
0 23 0 0 7682
0 15 0 0 7938
0 13 0 1 514
0 29 0 1 1538
0 23 0 1 2306
1 26 0 1 2562
0 16 0 1 3842
0 29 0 1 4098
0 17 0 1 4354
0 27 0 1 4866
0 25 0 1 5122
1 13 0 1 5378
0 9 0 1 5634
1 21 1 1 6146
1 15 0 1 6658
1 29 1 1 6914
0 7 1 1 7938
0 15 1 2 514
0 27 1 2 1794
1 8 1 2 2562
0 0 1 2 3074
1 17 0 2 3586
0 8 0 2 3842
0 14 0 2 4098
0 11 0 2 6146
1 22 0 2 6402
0 22 0 2 7170
1 27 0 2 7426
0 14 0 2 7682
1 20 0 2 7938
0 27 0 3 2
0 20 0 3 1282
0 25 0 3 1794
1 28 0 3 2050
0 24 0 3 3586
1 23 0 3 3842
1 20 0 3 4866
0 26 0 3 5122
0 18 0 3 5378
0 28 0 3 5890
1 27 0 3 6146
0 7 0 3 6914
0 27 0 3 7170
0 18 0 3 7682
0 16 0 4 2
0 24 0 4 258
0 27 0 4 1026
0 26 0 4 1282
0 21 0 4 1794
0 20 0 4 2562
0 25 0 4 3330
0 15 0 4 3586
0 26 0 4 4098
0 21 0 4 4610
0 26 0 4 4866
0 8 0 4 5634
0 17 0 4 6402
0 15 0 4 6658
0 20 0 4 6914
0 28 0 4 7682
0 28 0 4 7938
1 25 0 5 2
0 28 0 5 258
0 24 0 5 514
1 28 0 5 770
0 16 0 5 1538
0 13 0 5 2306
0 28 0 5 3330
0 24 0 5 3586
0 26 0 5 4610
0 24 0 5 4866
0 25 0 5 6146
1 7 0 5 6402
0 22 0 5 6658
1 19 0 5 6914
0 26 0 5 7170
0 24 0 5 7426
0 9 0 5 7938
0 17 0 6 258
0 25 0 6 1026
0 14 0 6 1282
0 27 0 6 1538
1 18 0 6 1794
0 27 0 6 2818
1 16 0 6 3330
0 11 0 6 3586
0 27 0 6 3842
0 28 0 6 4098
0 29 0 6 5122
0 14 0 6 5634
0 26 0 6 6402
0 10 0 6 7170
0 20 0 6 7938
0 18 0 7 258
0 23 0 7 514
0 22 0 7 1282
1 15 0 7 1538
1 23 0 7 2306
1 26 0 7 3074
0 29 0 7 3842
1 23 0 7 5890
0 24 0 7 6146
0 19 0 7 6402
0 11 0 7 6658
0 21 0 7 7170
1 17 0 7 7938
0 20 0 0 259
0 15 0 0 1027
0 21 0 0 1539
0 26 0 0 2307
0 26 0 0 3331
0 25 0 0 4099
0 7 0 0 4867
0 25 0 0 5379
1 5 0 0 5635
0 29 0 0 6403
0 17 0 0 7171
0 28 0 0 7683
0 9 0 0 7939
0 28 0 1 3
0 17 0 1 259
0 15 0 1 515
0 27 0 1 1027
0 18 0 1 1283
0 28 0 1 1795
1 9 0 1 2307
0 26 0 1 2819
1 26 0 1 3075
1 20 0 1 3843
0 25 0 1 4355
1 27 0 1 4611
0 12 0 1 5123
0 24 0 1 5379
0 24 0 1 6915
0 13 0 1 7171
0 18 0 1 7427
0 22 0 1 7683
0 20 0 2 3
0 11 0 2 259
0 20 0 2 515
0 17 0 2 771
0 9 0 2 1027
0 11 0 2 1283
0 9 0 2 1539
0 11 0 2 1795
0 12 0 2 2051
0 11 0 2 2307
0 13 0 2 2563
0 11 0 2 2819
0 8 0 2 3075
0 16 0 2 3331
0 12 0 2 3587
0 13 0 2 3843
0 17 0 2 4099
0 12 0 2 4355
0 28 0 2 4611
0 15 0 2 4867
0 9 0 2 5123
0 18 0 2 5379
0 23 0 2 5635
0 6 0 2 5891
0 17 0 2 6147
0 19 0 2 6403
0 19 0 2 6659
0 13 0 2 6915
0 13 0 2 7171
1 19 0 2 7427
0 9 0 2 7683
0 7 0 2 7939
0 10 0 3 3
0 17 0 3 259
0 7 0 3 515
0 11 0 3 771
0 8 0 3 1027
0 9 0 3 1283
0 16 0 3 1795
0 14 0 3 2051
2 2 0 3 2307
0 10 0 3 2563
0 10 0 3 2819
1 10 0 3 3075
0 12 0 3 3587
0 6 0 3 4099
0 9 0 3 4355
0 6 0 3 4867
0 7 0 3 5123
0 15 0 3 5379
0 21 0 3 5635
0 15 0 3 5891
0 15 0 3 6147
0 13 0 3 6403
0 13 0 3 6659
0 22 0 3 6915
0 26 0 3 7171
0 14 0 3 7427
0 12 0 3 7683
0 9 0 3 7939
0 7 0 4 3
0 22 0 4 259
0 7 0 4 515
0 20 0 4 771
0 12 0 4 1027
0 11 0 4 1283
0 20 0 4 1539
0 10 0 4 1795
0 13 0 4 2051
0 6 0 4 2307
0 13 0 4 2563
0 15 0 4 2819
0 9 0 4 3075
0 6 0 4 3331
0 21 0 4 3843
0 11 0 4 4099
0 19 0 4 4611
0 29 0 4 4867
0 20 0 4 5123
0 12 0 4 5379
0 7 0 4 5635
0 10 0 4 5891
0 14 0 4 6147
0 11 0 4 6403
0 12 0 4 6659
0 20 0 4 6915
0 25 0 4 7171
0 23 0 4 7683
0 11 0 4 7939
0 7 0 5 3
0 13 0 5 259
0 9 0 5 515
2 3 0 5 771
0 21 0 5 1027
0 16 0 5 1283
1 19 0 5 1539
0 12 0 5 2051
0 14 0 5 2563
0 10 0 5 2819
1 9 0 5 3075
0 14 0 5 3331
0 13 0 5 3587
0 27 0 5 4099
0 14 0 5 4355
1 6 0 5 4611
0 16 0 5 4867
0 23 0 5 5123
1 12 0 5 5379
0 5 0 5 5635
0 10 0 5 5891
0 7 0 5 6147
1 19 1 5 6403
1 23 1 5 6915
1 3 1 6 3
0 1 0 6 1027
0 14 1 6 1283
0 22 1 6 2051
0 26 1 6 2563
1 1 0 6 3587
1 10 1 6 3843
1 9 0 6 4355
1 17 1 6 4611
0 16 0 6 4867
0 14 0 6 5379
0 15 0 6 5635
0 14 0 6 5891
0 24 0 6 6147
0 14 0 6 6403
0 17 0 6 6659
0 6 0 6 6915
0 16 0 6 7171
0 15 0 6 7427
0 25 0 6 7683
0 13 0 6 7939
0 17 0 7 3
0 15 0 7 259
0 12 0 7 515
0 20 0 7 771
0 15 0 7 1027
0 16 0 7 1283
0 13 0 7 1539
0 8 0 7 1795
0 25 0 7 2051
0 22 0 7 2307
0 13 0 7 2563
0 17 0 7 2819
0 16 0 7 3075
0 22 0 7 3331
0 14 0 7 3587
0 17 0 7 3843
0 15 0 7 4099
0 12 0 7 4355
0 13 0 7 4611
1 20 0 7 4867
0 16 0 7 5123
0 12 0 7 5379
0 17 0 7 5891
0 12 0 7 6147
0 14 0 7 6659
0 13 0 7 6915
0 14 0 7 7171
0 11 0 7 7427
0 7 0 7 7683
0 26 0 0 4
0 9 0 0 260
0 9 0 0 516
0 17 0 0 772
0 12 0 0 1028
0 14 0 0 1284
0 21 0 0 1540
0 8 0 0 1796
0 11 0 0 2052
0 8 0 0 2308
0 11 0 0 2564
0 14 0 0 2820
0 13 0 0 3076
0 19 0 0 3332
0 15 0 0 3588
0 12 0 0 3844
0 18 0 0 4100
0 4 0 0 4356
0 8 0 0 4612
0 12 0 0 4868
0 11 0 0 5124
0 22 0 0 5380
0 16 0 0 5892
0 10 0 0 6148
0 25 0 0 6404
0 27 0 0 6660
0 15 0 0 6916
0 18 0 0 7172
0 10 0 0 7428
0 12 0 0 7684
0 11 0 0 7940
0 15 0 1 4
0 23 0 1 516
0 12 0 1 772
0 10 0 1 1284
0 14 0 1 1540
0 20 0 1 1796
0 13 0 1 2308
1 20 0 1 2564
0 14 0 1 2820
0 21 0 1 3076
1 27 0 1 3332
0 21 0 1 3588
0 6 0 1 3844
1 10 0 1 4100
0 18 0 1 4356
0 13 0 1 4612
1 8 0 1 4868
0 29 0 1 5124
0 10 0 1 5380
0 8 0 1 6148
1 10 0 1 6404
0 10 0 1 6660
0 10 0 1 6916
0 15 0 1 7172
0 22 0 1 7428
0 11 0 1 7684
0 16 0 1 7940
0 11 0 2 4
0 8 0 2 260
0 12 0 2 516
0 23 0 2 772
0 20 0 2 1028
0 15 0 2 1284
0 7 0 2 1540
0 10 0 2 1796
0 17 0 2 2052
0 13 0 2 2564
0 15 0 2 3076
0 5 0 2 3332
0 24 0 2 3588
0 14 0 2 3844
0 15 0 2 4100
0 20 0 2 4356
0 14 0 2 4612
0 8 0 2 5124
0 8 0 2 5636
0 8 0 2 5892
0 18 0 2 6148
0 5 0 2 6404
0 11 0 2 6660
0 15 0 2 7172
0 12 0 2 7428
0 17 0 2 7684
0 8 0 2 7940
0 15 0 3 4
0 13 0 3 260
0 18 0 3 772
0 28 0 3 1028
0 12 0 3 1284
0 15 0 3 1540
0 19 0 3 1796
0 10 0 3 2052
0 15 0 3 2308
1 6 0 3 2564
0 18 0 3 2820
0 13 0 3 3076
0 5 0 3 3588
0 9 0 3 3844
0 18 0 3 4356
0 14 0 3 4612
1 11 0 3 4868
0 21 0 3 5124
0 19 0 3 5380
1 6 0 3 5636
0 8 0 3 5892
0 7 0 3 6148
0 18 0 3 6916
0 12 0 3 7428
0 11 0 3 7684
0 4 0 3 7940
0 17 0 4 4
0 15 0 4 260
0 8 0 4 516
1 20 0 4 772
0 25 0 4 1028
0 10 0 4 1284
0 13 0 4 1540
0 6 0 4 1796
0 14 0 4 2052
0 9 0 4 2308
0 13 0 4 2564
0 26 0 4 2820
0 15 0 4 3076
0 13 0 4 3332
0 12 0 4 3588
0 7 0 4 3844
0 10 0 4 4100
0 7 0 4 4356
0 18 0 4 4612
0 17 0 4 4868
0 6 0 4 5124
0 13 0 4 5380
0 12 0 4 5636
0 17 0 4 5892
0 19 0 4 6148
0 10 0 4 6404
0 11 0 4 6660
0 9 0 4 6916
0 20 0 4 7428
0 6 0 4 7684
0 18 0 4 7940
0 16 0 5 4
0 19 0 5 260
0 9 0 5 516
0 13 0 5 772
0 8 0 5 1028
0 22 0 5 1284
0 15 0 5 1540
0 16 0 5 1796
0 13 0 5 2052
0 13 0 5 2308
0 4 0 5 2564
0 23 0 5 2820
0 14 0 5 3076
0 11 0 5 3588
1 7 0 5 4100
0 19 0 5 4356
0 16 0 5 4612
0 13 0 5 5380
1 20 0 5 5636
0 20 0 5 5892
0 10 0 5 6148
0 22 0 5 6660
0 9 0 5 6916
1 19 0 5 7172
0 16 0 5 7428
0 13 0 5 7684
0 15 0 5 7940
0 17 0 6 4
0 17 0 6 260
0 13 0 6 516
0 9 0 6 772
0 13 0 6 1028
0 16 0 6 1284
0 6 0 6 1540
0 18 0 6 1796
0 16 0 6 2052
0 12 0 6 2308
0 12 0 6 2564
0 6 0 6 2820
0 12 0 6 3076
0 8 0 6 3332
0 12 0 6 3588
0 24 0 6 3844
0 8 0 6 4100
0 15 0 6 4356
0 25 0 6 4612
0 7 0 6 4868
0 27 0 6 5124
0 11 0 6 5380
0 24 0 6 5892
0 12 0 6 6148
0 11 0 6 6404
0 14 0 6 6660
0 18 0 6 6916
0 9 0 6 7172
0 16 0 6 7428
0 24 0 6 7684
0 10 0 6 7940
0 11 0 7 4
0 8 0 7 516
0 18 0 7 772
0 14 0 7 1028
0 11 0 7 1284
0 14 0 7 1540
0 8 0 7 1796
0 7 0 7 2052
0 19 0 7 2308
0 20 0 7 2820
0 15 0 7 3076
0 15 0 7 3332
0 12 0 7 3588
0 22 0 7 3844
0 15 0 7 4356
0 14 0 7 4612
0 11 0 7 5124
0 15 0 7 5380
0 13 0 7 5892
0 14 0 7 6148
0 6 0 7 6660
0 11 0 7 6916
0 9 0 7 7428
0 16 0 7 7684
0 18 0 0 5
0 5 0 0 261
1 3 0 0 517
0 16 0 0 773
0 3 0 0 1029
0 13 0 0 1285
0 12 0 0 1541
0 6 0 0 1797
0 18 0 0 2053
0 11 0 0 2309
0 25 0 0 2565
0 16 0 0 2821
0 13 0 0 3077
0 4 0 0 3333
0 9 0 0 3589
0 12 0 0 3845
0 13 0 0 4101
0 14 0 0 4357
0 17 0 0 4613
0 19 0 0 4869
0 9 0 0 5125
0 5 0 0 5381
0 8 0 0 5637
0 3 0 0 5893
0 7 0 0 6149
0 7 0 0 6405
0 8 0 0 6661
0 6 0 0 6917
0 13 0 0 7173
0 29 0 0 7429
0 11 0 0 7685
0 14 0 0 7941
0 9 0 1 5
0 13 0 1 261
0 21 0 1 517
0 22 0 1 773
0 18 0 1 1029
0 14 0 1 1285
0 24 0 1 1541
0 14 0 1 1797
0 13 0 1 2053
0 11 0 1 2309
0 16 0 1 2565
0 10 0 1 2821
0 6 0 1 3077
0 10 0 1 3333
0 11 0 1 3589
0 5 0 1 3845
0 11 0 1 4613
0 12 0 1 4869
0 8 0 1 5125
0 6 0 1 5381
1 24 0 1 5637
0 14 0 1 5893
0 14 0 1 6149
0 16 0 1 6405
0 14 0 1 6661
0 5 0 1 6917
1 13 0 1 7173
0 4 0 1 7429
0 10 0 1 7685
1 8 0 1 7941
0 4 0 2 5
0 17 0 2 261
0 15 0 2 1029
0 20 0 2 1541
0 4 0 2 1797
0 22 0 2 2053
0 8 0 2 2309
0 9 0 2 2565
0 11 0 2 2821
0 14 0 2 3077
0 9 0 2 3333
0 9 0 2 3589
0 20 0 2 3845
0 10 0 2 4101
0 23 0 2 4357
0 16 0 2 4613
0 13 0 2 4869
0 12 0 2 5125
0 9 0 2 5381
0 19 0 2 5637
0 16 0 2 5893
0 10 0 2 6149
1 20 1 2 6405
0 0 1 2 6661
1 25 0 3 261
0 23 1 3 2309
0 27 1 3 2821
2 1 1 3 3589
0 16 0 3 5125
0 9 0 3 5381
0 4 0 3 5637
0 28 0 3 5893
0 17 0 3 6405
0 17 0 3 6661
0 14 0 3 6917
0 13 0 3 7173
0 9 0 3 7429
0 18 0 3 7685
0 21 0 3 7941
0 18 0 4 517
0 22 0 4 773
0 9 0 4 1029
0 18 0 4 1285
0 9 0 4 1797
0 16 0 4 2053
0 11 0 4 2565
0 16 0 4 2821
0 15 0 4 3333
0 9 0 4 3589
0 23 0 4 4101
0 9 0 4 4357
0 6 0 4 4869
0 9 0 4 5125
0 8 0 4 5893
0 11 0 4 6149
0 5 0 4 6405
0 11 0 4 6661
0 20 0 4 6917
0 16 0 4 7173
0 9 0 4 7429
0 7 0 4 7685
0 26 0 4 7941
0 8 0 5 5
0 13 0 5 261
0 9 0 5 517
0 16 0 5 773
0 14 0 5 1285
0 7 0 5 1541
0 17 0 5 2053
0 20 0 5 2309
0 17 0 5 2565
0 4 0 5 2821
0 27 0 5 3077
0 7 0 5 3589
0 6 0 5 3845
0 11 0 5 4101
0 7 0 5 4357
0 17 0 5 4613
0 8 0 5 4869
0 10 0 5 5381
0 17 0 5 5637
0 5 0 5 6149
0 8 0 5 6405
0 18 0 5 6661
0 8 0 5 6917
0 12 0 5 7173
0 17 0 5 7429
0 12 0 5 7685
0 11 0 5 7941
1 9 0 6 5
0 15 0 6 261
0 14 0 6 517
0 17 0 6 1029
0 13 0 6 1285
1 23 0 6 1541
0 9 0 6 1797
0 12 0 6 2053
1 24 0 6 2309
0 10 0 6 2565
0 22 0 6 2821
0 14 0 6 3333
0 3 0 6 3589
0 16 0 6 4101
0 7 0 6 4357
0 11 0 6 4613
0 9 0 6 5125
0 15 0 6 5381
0 5 0 6 5637
0 15 0 6 5893
0 25 0 6 6149
0 6 0 6 6405
0 12 0 6 6661
0 13 0 6 6917
0 10 0 6 7173
0 4 0 6 7429
0 7 0 6 7685
0 18 0 6 7941
0 14 0 7 5
0 12 0 7 261
0 11 0 7 517
0 6 0 7 773
0 13 0 7 1029
0 17 0 7 1285
0 8 0 7 1541
0 5 0 7 1797
0 18 0 7 2053
0 13 0 7 2309
0 7 0 7 2565
0 23 0 7 2821
0 11 0 7 3077
0 10 0 7 3589
0 11 0 7 3845
0 16 0 7 4101
0 14 0 7 4357
0 8 0 7 4613
0 11 0 7 4869
0 10 0 7 5125
0 22 0 7 5381
0 16 0 7 5637
0 14 0 7 5893
0 15 0 7 6149
0 5 0 7 6405
0 10 0 7 6917
0 5 0 7 7173
1 10 0 7 7429
0 11 0 7 7685
0 8 0 7 7941
0 20 0 0 262
0 15 0 0 518
0 7 0 0 1030
0 6 0 0 1286
1 24 0 0 1542
0 8 0 0 1798
0 7 0 0 2054
0 12 0 0 2566
0 10 0 0 2822
0 3 0 0 3334
0 14 0 0 3590
0 8 0 0 4102
0 20 0 0 4358
0 11 0 0 4614
0 15 0 0 4870
0 14 0 0 5126
0 11 0 0 5382
0 16 0 0 5638
0 21 0 0 5894
0 14 0 0 6150
0 14 0 0 6406
0 11 0 0 6662
0 12 0 0 6918
0 13 0 0 7174
0 9 0 0 7430
0 15 0 0 7686
0 10 0 0 7942
0 9 0 1 6
0 11 0 1 262
0 11 0 1 774
0 16 0 1 1286
0 6 0 1 1542
0 20 0 1 1798
0 17 0 1 2054
0 21 0 1 2310
0 14 0 1 2566
0 16 0 1 2822
0 7 0 1 3078
0 9 0 1 3334
0 22 0 1 3590
0 18 0 1 3846
0 9 0 1 4102
0 10 0 1 4358
0 14 0 1 4614
0 17 0 1 4870
