1 23 1 7 3073
0 15 0 7 4097
1 29 0 7 4353
0 13 0 7 6145
1 17 0 0 3842
0 13 1 0 5890
0 11 0 1 770
0 6 0 1 4610
1 29 0 1 6658
0 23 0 2 2306
1 25 0 2 2562
0 9 1 2 6146
1 23 1 2 6658
1 24 1 2 7426
1 25 1 3 2
1 26 1 3 514
2 0 1 3 770
1 27 1 3 1282
2 1 1 3 1538
1 28 1 3 2050
2 2 1 3 2306
1 29 1 3 2818
2 3 1 3 3074
2 2 1 3 3586
2 2 1 3 4354
2 3 1 3 5122
0 9 1 4 5378
0 10 1 4 6146
0 11 1 4 6914
0 12 1 4 7682
0 13 1 5 258
0 14 1 5 1026
1 1 1 5 1282
0 15 1 5 1538
0 16 1 5 2306
0 17 1 5 3074
0 18 1 5 3842
0 19 1 5 4610
0 20 1 5 5378
1 1 1 5 5634
0 21 1 5 6146
0 22 1 5 6914
0 23 1 5 7682
0 24 1 6 2
0 25 1 6 770
0 26 1 6 1538
1 0 1 6 1794
0 27 1 6 2306
0 28 1 6 3074
0 29 1 6 3842
2 1 1 7 3074
1 11 1 7 3330
2 2 1 7 3842
1 12 1 7 4098
2 3 1 7 4610
1 13 1 7 4866
0 2 1 7 5378
1 14 1 7 5634
0 2 1 7 6146
1 15 1 7 6402
1 16 1 7 7170
1 16 1 7 7938
1 17 1 0 515
1 18 1 0 1283
1 19 1 0 2051
2 0 1 0 2307
1 20 1 0 2819
1 21 1 0 3587
0 1 1 0 3843
1 22 1 0 4355
0 2 1 5 780
1 23 1 5 1292
2 0 1 5 1548
1 24 1 5 2060
2 1 1 5 2316
1 25 1 5 2828
2 2 1 5 3084
1 26 1 5 3596
0 0 0 5 3852
1 27 1 5 4364
1 28 1 5 5132
0 1 1 5 5388
1 29 1 5 5900
2 2 1 5 6668
2 3 1 5 7436
2 3 1 6 12
0 9 1 7 268
0 10 1 7 780
0 11 1 7 1548
0 12 1 7 2316
1 2 1 7 2828
0 13 1 7 3084
0 14 1 7 3852
0 15 1 7 4620
0 16 1 7 5388
0 17 1 7 6156
1 0 1 7 6412
0 18 1 7 6924
1 1 1 7 7180
0 19 1 7 7692
0 20 1 0 13
0 21 1 0 781
0 22 1 0 1549
0 23 1 0 2317
1 0 1 0 2573
0 24 1 0 3085
0 25 1 0 3853
0 26 1 0 4621
0 27 1 0 5389
0 28 1 0 6157
0 29 1 0 6925
2 0 1 1 5133
1 10 1 1 5389
2 2 1 1 6669
1 12 1 1 6925
1 13 1 1 7693
0 2 1 2 13
1 14 1 2 269
0 2 1 2 781
1 15 1 2 1037
1 16 1 2 1805
1 16 1 2 2573
1 17 1 2 3341
1 18 1 2 4109
2 1 1 2 4365
1 19 1 2 4877
1 20 1 2 5645
1 21 1 2 6413
0 1 1 2 6669
1 22 1 2 7181
0 2 1 2 4119
1 23 1 2 4631
1 24 1 2 5399
1 25 1 2 6167
0 1 1 2 6423
1 26 1 2 6935
1 27 1 2 7703
1 28 1 3 279
1 29 1 3 1047
2 2 1 3 1815
2 3 1 3 3351
1 1 1 4 3351
0 9 1 4 3607
0 10 1 4 4375
0 11 1 4 5143
0 12 1 4 5911
0 13 1 4 6679
0 14 1 4 7447
0 15 1 4 7959
0 16 1 5 535
0 17 1 5 1303
0 18 1 5 2071
0 19 1 5 3095
0 20 1 5 3863
0 21 1 5 4375
0 22 1 5 5143
0 23 1 5 5911
1 0 1 5 6167
0 24 1 5 6679
1 1 1 5 6935
0 25 1 5 7447
0 26 1 6 23
0 27 1 6 791
1 1 1 6 1047
0 28 1 6 1559
1 2 1 6 1815
0 29 1 6 2327
1 11 1 7 1815
1 12 1 7 2583
1 13 1 7 3351
1 14 1 7 4119
1 15 1 7 4887
1 16 1 7 5655
2 0 1 7 5911
1 16 1 7 6423
2 1 1 7 6679
1 17 1 7 6935
0 1 1 7 7447
1 18 1 7 7703
0 2 1 0 24
1 19 1 0 280
0 1 1 0 792
1 20 1 0 1048
1 21 1 0 1816
1 22 1 0 2584
0 2 1 7 7969
1 23 1 0 290
0 1 1 0 546
1 24 1 0 1058
1 25 1 0 1826
1 26 1 0 2594
1 27 1 0 3362
1 28 1 0 4130
1 29 1 0 4642
2 3 1 0 4898
2 2 1 0 5666
2 3 1 0 6434
2 3 1 0 6946
1 1 1 1 6946
0 9 1 1 7202
1 2 1 1 7714
0 10 1 1 7970
1 3 1 2 290
0 11 1 2 546
0 12 1 2 1314
0 13 1 2 2082
0 14 1 2 2850
0 15 1 2 3362
0 16 1 2 4130
0 17 1 2 4898
0 18 1 2 5666
0 19 1 2 6434
0 20 1 2 7202
0 21 1 2 7970
0 22 1 3 546
0 23 1 3 1314
0 24 1 3 2082
0 25 1 3 2594
0 26 1 3 3362
1 0 1 3 3618
0 27 1 3 4130
0 28 1 3 4898
0 29 1 3 5666
1 10 1 4 4386
1 11 1 4 5154
1 12 1 4 5922
1 13 1 4 6690
1 14 1 4 7458
2 1 1 4 7714
1 15 1 5 34
2 2 1 5 290
1 16 1 5 546
1 16 1 5 1314
0 0 0 5 1826
1 17 1 5 2082
0 1 1 5 2594
1 18 1 5 2850
1 19 1 5 3618
1 20 1 5 4386
1 21 1 5 5154
1 22 1 5 5922
0 2 1 5 1068
1 23 1 5 1580
1 24 1 5 2348
1 25 1 5 3116
0 1 1 5 3372
1 26 1 5 3884
1 27 1 5 4652
1 28 1 5 5420
1 29 1 5 6188
2 2 1 5 6956
2 3 1 5 7724
2 3 1 6 300
0 9 1 7 300
0 10 1 7 1068
0 11 1 7 1836
1 1 1 7 2348
0 12 1 7 2604
0 13 1 7 3372
0 14 1 7 4140
0 15 1 7 4908
0 16 1 7 5676
0 17 1 7 6444
0 18 1 7 6956
0 19 1 7 7724
0 20 1 0 301
0 21 1 0 1069
0 22 1 0 1837
0 23 1 0 2605
0 24 1 0 3373
0 25 1 0 4141
0 26 1 0 4909
0 27 1 0 5677
0 28 1 0 6189
1 2 1 0 6445
0 29 1 0 6957
1 3 1 0 7213
1 10 1 1 5933
1 12 1 1 7469
1 13 1 2 45
2 0 1 2 301
1 14 1 2 557
2 1 1 2 1069
1 15 1 2 1325
1 16 1 2 2093
0 2 1 2 2605
1 16 1 2 2861
1 17 1 2 3629
1 18 1 2 4397
1 19 1 2 5165
1 20 1 2 5933
1 21 1 2 6701
1 22 1 2 7469
0 2 1 2 4407
1 23 1 2 4919
1 24 1 2 5687
1 25 1 2 6711
0 1 1 2 6967
1 26 1 2 7479
1 27 1 3 55
1 28 1 3 823
1 29 1 3 1591
2 2 1 3 2359
2 2 1 3 3127
0 9 1 4 3895
0 10 1 4 4663
0 11 1 4 5431
1 1 1 4 5943
0 12 1 4 6199
0 13 1 4 6967
0 14 1 4 7735
0 15 1 5 311
0 16 1 5 1079
0 17 1 5 1847
1 0 1 5 2103
0 18 1 5 2615
0 19 1 5 3127
0 20 1 5 3895
0 21 1 5 4663
0 22 1 5 5431
0 23 1 5 6199
0 24 1 5 6967
0 25 1 5 7735
0 26 1 6 311
0 27 1 6 1079
0 28 1 6 1847
0 29 1 6 2359
1 3 1 6 2615
1 11 1 7 2103
1 12 1 7 2871
1 13 1 7 3639
2 0 1 7 3895
1 14 1 7 4407
2 1 1 7 4663
1 15 1 7 4919
2 1 1 7 5431
1 16 1 7 5687
1 16 1 7 6455
0 0 0 7 6967
1 17 1 7 7223
0 1 1 7 7735
1 18 1 7 7991
1 19 1 0 824
2 0 1 0 1080
1 20 1 0 1592
2 1 1 0 1848
1 21 1 0 2360
1 22 1 0 3128
0 2 1 7 6465
1 23 1 7 6977
1 24 1 7 7745
1 25 1 0 322
1 26 1 0 834
2 1 1 0 1090
1 27 1 0 1602
2 1 1 0 1858
1 28 1 0 2370
2 2 1 0 2626
1 29 1 0 3138
2 3 1 0 3394
2 2 1 0 3906
2 2 1 0 4674
0 9 1 1 5698
0 10 1 1 6466
0 11 1 1 7234
0 12 1 1 8002
0 13 1 2 578
0 14 1 2 1346
1 1 1 2 1602
0 15 1 2 1858
0 16 1 2 2626
0 17 1 2 3394
0 18 1 2 4162
0 19 1 2 4930
0 20 1 2 5698
1 1 1 2 5954
0 21 1 2 6466
0 22 1 2 7234
0 23 1 2 8002
0 24 1 3 322
0 25 1 3 1090
0 26 1 3 1858
1 0 1 3 2114
0 27 1 3 2626
0 28 1 3 3394
0 29 1 3 4162
1 10 1 4 2882
1 11 1 4 3650
1 12 1 4 4418
1 13 1 4 5186
2 0 1 4 5442
1 14 1 4 5698
2 1 1 4 6210
1 15 1 4 6466
2 2 1 4 6978
1 16 1 4 7234
0 2 1 4 7746
1 16 1 4 8002
1 17 1 5 578
1 18 1 5 1346
1 19 1 5 2114
1 20 1 5 2882
1 21 1 5 3650
1 22 1 5 4418
0 2 1 5 1356
1 23 1 5 1868
1 24 1 5 2636
1 25 1 5 3404
1 26 1 5 4172
2 1 1 5 4428
1 27 1 5 4940
2 1 1 5 5196
1 28 1 5 5708
2 2 1 5 5964
1 29 1 5 6476
0 2 1 5 6732
2 2 1 5 7244
2 3 1 5 8012
0 2 1 6 76
2 3 1 6 588
0 9 1 7 844
0 10 1 7 1612
0 11 1 7 2380
0 12 1 7 3148
0 13 1 7 3660
1 0 1 7 4172
0 14 1 7 4428
0 15 1 7 5196
0 16 1 7 5964
0 17 1 7 6732
0 18 1 7 7500
0 19 1 0 77
1 0 1 0 333
0 20 1 0 845
0 21 1 0 1613
0 22 1 0 2381
0 23 1 0 2893
0 24 1 0 3661
0 25 1 0 4429
1 2 1 0 4685
0 26 1 0 5197
0 27 1 0 5965
0 28 1 0 6733
0 29 1 0 7501
1 10 1 1 5965
1 12 1 1 7501
2 3 1 1 8013
1 13 1 2 77
0 2 1 2 589
1 14 1 2 845
0 2 1 2 1357
1 15 1 2 1613
1 16 1 2 2381
0 2 1 2 2893
1 16 1 2 3149
1 17 1 2 3917
1 18 1 2 4685
1 19 1 2 5453
1 20 1 2 6221
1 21 1 2 6989
2 0 1 2 7245
1 22 1 2 7757
0 2 1 2 4695
1 23 1 2 5207
1 24 1 2 5975
2 1 1 2 6231
1 25 1 2 6999
0 1 1 2 7255
1 26 1 2 7767
1 27 1 3 343
1 28 1 3 1111
1 29 1 3 1879
2 2 1 3 2647
2 2 1 3 3415
2 3 1 3 4183
0 9 1 4 4183
0 10 1 4 4951
1 3 1 4 5463
0 11 1 4 5719
0 12 1 4 6487
0 13 1 4 7255
0 14 1 4 8023
0 15 1 5 599
0 16 1 5 1367
1 1 1 5 1623
0 17 1 5 1879
0 18 1 5 2647
0 19 1 5 3671
1 0 1 5 3927
0 20 1 5 4439
1 1 1 5 4695
0 21 1 5 5207
0 22 1 5 5975
0 23 1 5 6487
0 24 1 5 7255
0 25 1 5 8023
0 26 1 6 599
0 27 1 6 1367
0 28 1 6 2135
0 29 1 6 2903
1 11 1 7 2135
1 12 1 7 2903
1 13 1 7 3671
2 0 1 7 4183
1 14 1 7 4439
0 2 1 7 4951
1 15 1 7 5207
1 16 1 7 5975
0 2 1 7 6487
1 16 1 7 6743
1 17 1 7 7511
1 18 1 0 88
1 19 1 0 856
1 20 1 0 1624
1 21 1 0 2392
2 0 1 0 2648
1 22 1 0 3160
2 1 1 0 3416
0 2 1 7 6497
1 23 1 7 7009
0 1 1 7 7265
1 24 1 7 7777
0 2 1 7 8033
1 25 1 0 354
1 26 1 0 1122
1 27 1 0 1890
1 28 1 0 2658
1 29 1 0 3426
2 2 1 0 4194
2 3 1 0 4962
2 3 1 0 5730
1 1 1 1 5474
0 9 1 1 5730
1 2 1 1 6242
0 10 1 1 6498
1 3 1 1 7010
0 11 1 1 7266
0 12 1 1 8034
0 13 1 2 610
0 14 1 2 1378
0 15 1 2 2146
1 0 1 2 2402
0 16 1 2 2914
0 17 1 2 3426
0 18 1 2 4194
0 19 1 2 4962
0 20 1 2 5730
0 21 1 2 6498
1 0 1 2 6754
0 22 1 2 7266
0 23 1 2 8034
0 24 1 3 610
0 25 1 3 1378
0 26 1 3 2146
0 27 1 3 2914
0 28 1 3 3682
0 29 1 3 4450
1 10 1 4 3426
1 12 1 4 4962
1 13 1 4 5730
2 0 1 4 5986
1 14 1 4 6498
