0 16 0 7 5120
0 22 0 7 6144
1 14 0 7 7168
0 20 0 0 1793
1 21 0 0 2817
2 0 1 0 3585
0 15 0 0 5633
0 27 0 0 6657
0 18 0 0 7681
0 20 0 1 257
1 2 0 1 3329
0 24 0 1 4097
0 23 0 1 7169
0 28 0 2 769
0 24 0 2 2817
1 9 0 2 3841
0 29 0 2 4609
0 17 0 3 1281
1 12 1 3 2561
0 27 0 3 3073
1 25 0 3 3329
0 8 0 3 7937
1 3 0 4 769
0 21 0 4 1793
2 1 1 4 3073
0 29 0 4 4609
1 10 0 4 7425
0 19 0 5 257
0 21 0 5 1281
0 23 0 5 3073
1 19 0 5 3329
0 21 0 5 4097
0 29 0 5 5121
0 28 0 5 6913
1 26 0 5 7169
0 25 0 6 769
0 21 0 6 2817
0 20 0 6 3585
0 19 0 6 4609
0 20 0 6 7425
1 1 0 7 257
0 29 1 7 1281
4 5 0 7 2305
0 16 1 7 3073
0 8 0 7 3585
1 22 0 7 4609
0 24 0 7 5377
1 23 0 7 5633
0 29 0 7 6401
0 29 0 7 7425
2 3 1 0 3074
0 16 1 0 4354
1 27 1 0 4866
12 18 0 0 5122
0 4 1 0 5634
2 3 1 0 5890
2 2 1 0 6146
4 5 0 0 7426
0 4 1 0 7682
0 19 1 1 2306
0 24 1 1 3330
1 1 1 1 3586
0 23 1 1 3842
1 6 1 1 4354
0 25 1 1 4610
0 25 1 1 5122
12 8 0 1 5378
0 3 1 1 7170
1 14 1 1 7426
1 9 1 1 7682
1 13 1 2 2
12 10 0 2 1026
1 28 1 2 1282
1 18 1 2 2050
1 17 1 2 2306
1 20 1 2 2818
12 27 0 3 1026
4 20 0 3 7938
0 16 0 4 3074
0 21 0 4 3842
0 27 0 4 7682
4 21 0 5 2
0 23 0 5 770
1 27 0 5 1026
0 21 0 5 1538
0 19 0 5 2562
1 3 0 5 3330
4 1 0 5 4610
1 15 0 5 4866
0 20 0 5 6402
0 27 0 6 1026
0 11 0 6 2050
0 5 0 6 5378
1 25 1 6 6402
0 10 1 6 7170
1 25 1 6 7426
1 26 1 6 7682
1 29 1 6 7938
2 3 1 7 2
2 2 1 7 258
4 5 0 7 770
0 4 1 7 1026
0 3 1 7 2306
0 8 1 7 2818
4 3 0 7 3586
1 1 0 7 5122
1 5 1 7 5890
1 0 1 7 6146
0 24 1 7 6402
1 2 1 7 6658
0 22 0 7 7938
1 2 1 0 3
12 1 0 0 259
1 15 1 0 515
1 22 1 0 3075
12 27 0 0 3331
4 5 0 0 3587
0 9 1 0 4099
2 2 1 0 4355
4 15 0 0 6403
12 7 0 1 1283
4 20 0 1 2307
0 4 1 1 3331
0 26 0 1 6403
1 16 0 1 7427
0 29 0 2 259
1 27 0 2 1283
0 14 0 2 2051
0 14 0 2 4099
0 28 0 2 4867
0 22 0 2 7939
1 29 0 3 515
0 26 0 3 1539
0 14 0 3 4611
0 28 0 3 5379
2 3 0 3 5635
0 28 0 3 6403
1 10 0 3 7427
0 26 0 4 259
0 12 0 4 1027
0 22 0 4 3075
1 1 0 4 4867
0 29 0 4 5891
0 8 0 4 6915
0 24 0 5 1539
0 0 1 5 3587
0 20 0 5 5123
1 26 0 5 6147
4 2 0 6 4867
0 7 1 6 5123
1 22 1 6 5379
1 23 1 6 5635
12 26 0 6 6147
4 3 0 6 6403
1 25 1 6 6659
4 5 0 7 1795
0 8 1 7 2051
0 15 1 7 2563
1 0 1 7 3587
1 1 1 7 3843
4 20 0 7 4099
1 18 1 7 4355
4 5 0 7 4867
0 26 1 7 6147
0 27 1 7 6403
0 29 0 7 6659
4 24 0 0 4
1 26 1 0 260
1 25 0 0 2308
12 5 0 0 4356
4 2 0 0 4612
12 5 0 1 1796
1 11 1 1 3588
0 18 0 1 5124
1 24 0 1 5380
0 21 0 1 7172
1 20 1 2 2564
1 21 1 2 2820
4 5 0 2 3076
12 21 0 2 3332
1 25 1 2 3588
4 22 0 2 4100
2 2 1 2 4356
0 8 1 2 7428
0 12 1 2 7940
1 16 0 3 4
0 11 1 3 260
0 23 1 3 1540
12 5 0 3 1796
1 0 1 3 2052
0 18 1 3 2308
1 0 1 3 3076
0 28 1 3 3332
12 19 0 3 3844
1 13 1 3 5380
2 1 0 3 6404
0 3 1 3 6916
1 13 1 3 7172
1 11 1 3 7428
4 0 0 3 7940
1 5 0 4 4
1 26 1 4 516
1 19 1 4 772
12 28 0 4 1540
0 5 0 4 3076
4 27 0 4 6660
12 7 0 5 2820
4 3 0 5 6404
12 1 0 6 3588
0 2 0 6 5124
0 14 0 6 6148
1 20 0 6 6404
0 4 0 6 7172
2 3 0 6 7428
0 10 0 7 4
0 15 0 7 1028
0 12 0 7 1796
1 9 0 7 2052
0 12 0 7 2820
0 19 0 7 3844
0 20 0 7 4868
0 11 0 7 5636
1 14 0 7 5892
0 9 0 7 6660
0 12 0 7 7684
0 4 0 0 517
0 15 0 0 1285
0 6 0 0 2309
0 7 0 0 3333
0 10 0 0 5125
0 23 0 0 6149
0 18 0 0 7173
0 15 0 1 773
0 23 0 1 1797
1 17 0 1 2053
0 19 0 1 2821
0 15 0 1 3845
0 8 0 1 4613
0 10 0 1 5637
1 6 0 1 5893
0 16 0 1 6661
0 22 0 1 7685
0 12 0 2 517
0 11 0 2 1285
4 5 0 2 2309
0 1 1 2 3077
0 7 1 2 4101
0 1 1 2 4357
0 25 1 2 4869
1 17 0 2 6917
0 8 1 2 7173
12 29 0 2 7941
0 17 1 3 5
0 8 1 3 261
0 28 1 3 773
1 1 1 3 1029
12 17 0 3 1285
0 16 1 3 1541
0 21 1 3 2053
1 3 1 3 2565
1 1 1 3 3077
0 22 1 3 3333
4 5 0 3 4101
0 27 1 3 4357
1 27 1 3 5125
12 2 0 3 5381
1 7 1 3 5637
1 13 1 3 6149
1 7 1 3 6917
1 9 1 3 7173
1 12 1 3 7941
12 24 0 4 261
2 3 1 4 773
1 20 1 4 1797
4 26 0 4 2565
12 22 0 5 517
0 15 0 5 5893
0 11 0 5 6917
0 27 0 5 7685
0 11 0 6 517
0 6 0 6 1541
0 8 0 6 2565
0 12 0 6 4357
0 7 0 6 5381
0 20 0 6 6405
0 9 0 6 7173
0 16 0 7 5
0 13 0 7 1029
0 8 0 7 2053
0 27 0 7 2821
1 13 0 7 3077
0 10 0 7 3845
0 4 0 7 4869
0 21 0 7 5893
0 17 0 7 6661
1 10 0 7 6917
0 17 0 7 7685
1 11 0 7 7941
0 24 0 0 518
0 13 0 0 1542
0 9 0 0 2310
0 0 1 0 3334
1 28 1 0 4358
0 17 0 0 5382
1 18 0 0 5638
4 3 0 0 6150
0 17 0 4 6662
4 24 0 4 7430
0 5 0 1 5127
4 17 0 1 6151
0 17 0 4 2311
4 28 0 4 6407
0 0 0 5 4615
4 5 0 5 5639
0 5 0 7 2311
4 9 0 7 3591
0 17 0 2 1032
4 9 0 2 3336
0 17 0 5 7689
4 5 0 6 265
0 17 0 7 4105
4 9 0 7 5641
0 2 0 0 4618
4 9 0 0 5130
0 29 0 2 3594
4 27 0 2 3850
0 17 0 3 5386
4 5 0 3 7178
