0 16 0 7 6144
0 22 0 7 7168
1 14 0 0 1
2 0 1 0 2305
1 21 0 0 2817
0 9 0 0 3585
0 15 0 0 5633
0 27 0 0 6657
0 18 0 0 7681
0 20 0 1 257
0 29 1 1 2305
1 24 0 1 2817
0 24 0 1 4097
0 23 0 1 7169
0 28 0 2 769
0 24 0 2 2817
1 9 0 2 3841
0 29 0 2 4609
0 17 0 3 1281
1 9 1 3 2561
2 1 1 3 2817
0 27 0 3 3073
1 25 0 3 3329
0 8 0 3 7937
1 3 0 4 769
0 22 0 4 1793
1 16 0 4 3585
0 29 0 4 4609
1 11 0 4 7425
0 19 0 5 257
0 21 0 5 1281
0 23 0 5 3073
1 19 0 5 3329
0 21 0 5 4097
0 29 0 5 5121
0 28 0 5 6913
1 26 0 5 7169
0 25 0 6 769
0 17 0 6 1793
1 20 0 6 2817
0 21 0 6 3585
0 20 0 6 4609
0 19 0 6 5633
0 20 0 7 257
1 1 0 7 1281
0 4 1 7 2305
1 14 0 7 4097
0 1 1 5 4618
0 0 1 5 5130
1 19 1 5 5386
0 0 1 5 6410
1 21 1 5 6666
0 1 1 5 7690
1 25 1 5 7946
1 26 1 6 266
0 1 1 6 778
1 27 1 6 1034
1 28 1 6 1546
0 4 1 6 4106
0 4 1 6 4618
0 5 1 6 5130
0 7 1 6 6410
0 9 1 6 7178
0 10 1 6 7690
1 0 1 6 7946
0 13 1 7 778
0 19 1 7 3338
0 23 1 7 4618
0 25 1 7 5898
1 3 1 7 6410
1 1 1 7 6922
0 28 1 7 7690
1 4 1 0 11
0 6 1 0 779
1 5 1 0 1291
0 4 1 0 2059
1 9 1 0 2571
1 9 1 0 3083
0 2 1 0 3339
1 9 1 0 3851
1 13 1 0 4363
0 1 1 0 4619
1 14 1 0 5643
1 17 1 0 6923
12 1 0 2 2061
