0 16 0 7 6144
0 22 0 7 7168
1 14 0 0 1
0 20 0 0 2817
1 21 0 0 3585
0 2 1 0 3841
0 15 0 0 5633
0 27 0 0 6657
0 18 0 0 7681
0 20 0 1 257
0 15 0 1 2305
1 24 0 1 3585
0 24 0 1 5121
0 23 0 1 7937
0 28 0 2 1793
0 24 0 2 3585
0 29 0 2 5633
0 17 0 3 2305
0 15 0 3 5121
1 16 1 3 6913
0 20 0 3 7937
0 12 0 4 769
0 20 0 4 3585
1 1 0 4 4609
12 5 0 4 6401
1 16 1 5 1025
0 15 0 5 2049
0 27 0 5 4097
0 14 0 5 5889
1 16 0 5 6145
0 25 0 5 7937
0 28 1 6 1537
1 2 1 6 1793
0 7 0 6 2817
0 20 0 6 5633
0 19 0 6 7425
1 21 0 7 257
0 12 0 7 1281
0 19 1 7 2305
0 12 1 7 3841
1 26 0 7 4097
0 27 0 7 6145
1 25 0 7 7169
0 27 0 7 7937
1 24 0 0 770
0 18 0 0 1794
0 15 0 0 2818
0 0 1 0 3842
0 22 0 0 6658
1 4 0 0 7682
0 25 0 1 258
0 14 0 1 1282
0 12 0 1 2306
0 1 1 1 3074
4 22 0 1 4098
0 5 0 5 1538
4 23 0 5 2306
0 5 0 0 1795
4 22 0 0 2563
0 5 0 4 5891
4 10 0 4 6915
0 4 0 2 1542
0 23 0 4 4870
0 1 0 4 3591
0 4 1 4 4103
0 29 1 4 6663
0 17 1 5 7
0 11 1 5 1031
0 14 1 5 1543
0 15 1 5 1799
0 14 1 5 2055
0 26 1 5 2311
0 22 1 5 2823
0 18 1 5 3079
0 27 1 5 3847
0 21 1 5 4103
0 23 1 5 4359
0 24 1 5 4615
0 27 1 5 4871
12 12 0 5 5895
12 5 0 5 7687
12 0 0 6 775
2 1 1 6 1031
2 2 1 6 1287
12 2 0 6 3591
0 25 0 6 7687
1 16 0 7 2311
4 1 0 7 5383
0 5 0 2 776
4 19 0 2 2824
0 26 0 2 5128
4 27 0 2 7176
0 3 0 3 4104
4 5 0 3 4872
0 1 0 3 5128
4 21 0 3 6152
0 16 0 4 4872
4 24 0 4 5384
0 2 1 4 3338
1 25 1 4 4618
1 27 1 4 4874
1 29 1 4 5130
2 1 1 4 5386
0 0 1 4 5642
1 3 1 4 7178
0 6 1 4 7690
0 8 1 4 7946
0 10 1 5 10
0 11 1 5 266
0 13 1 5 1802
0 15 1 5 2314
0 19 1 5 2570
0 27 1 5 4362
0 25 1 5 4618
1 4 1 5 5130
1 3 1 5 5386
0 5 1 5 6666
0 7 1 5 6922
1 12 1 5 7178
1 14 1 5 7434
1 16 1 5 7690
1 18 1 5 7946
1 13 1 6 10
0 7 1 3 1807
0 2 1 3 2063
2 2 1 3 3343
1 27 1 3 3599
1 29 1 3 3855
2 3 1 3 4367
1 4 1 3 6159
0 5 1 3 6671
1 0 1 3 7951
0 16 1 4 527
0 17 1 4 783
0 19 1 4 1039
0 24 1 4 2831
0 27 1 4 3087
0 28 1 4 3343
0 29 1 4 3599
0 0 1 4 5135
0 4 1 4 5391
1 9 1 4 5647
1 11 1 4 5903
1 12 1 4 6159
1 14 1 4 6415
2 1 1 4 7439
0 0 1 4 7695
0 1 1 0 4629
1 23 1 0 4885
1 24 1 0 5141
1 22 1 0 5397
2 1 1 0 5909
0 0 1 0 6165
1 3 1 1 1813
0 11 1 1 2069
0 9 1 1 2325
0 9 1 1 2581
0 12 1 1 2837
1 3 1 1 3861
0 21 1 1 4629
0 23 1 1 4885
0 21 1 1 5141
0 24 1 1 5397
1 2 1 1 5653
0 29 1 1 6933
0 29 1 1 7189
1 5 1 1 7701
1 7 1 2 21
0 3 1 2 1557
1 16 1 2 2069
1 16 1 2 2325
1 16 1 2 2581
1 18 1 2 2837
1 28 1 5 7962
1 23 1 6 26
2 3 1 6 282
0 0 1 6 538
2 3 1 6 2330
1 4 1 6 4634
1 9 1 6 4890
0 7 1 6 5146
0 12 1 6 5658
0 23 1 6 7450
0 26 1 6 7706
0 19 1 6 7962
1 6 1 7 282
0 28 1 7 1562
1 6 1 7 2330
1 8 1 7 2586
0 5 1 7 4122
1 13 1 7 4378
1 15 1 7 4634
1 14 1 7 4890
1 16 1 7 5146
1 17 1 7 5402
1 17 1 7 5658
0 7 1 3 1824
1 24 1 3 2080
1 24 1 3 2336
1 25 1 3 2592
1 26 1 3 2848
2 2 1 3 3104
1 2 1 3 7200
0 13 1 3 7712
0 15 1 3 7968
0 18 1 4 32
0 19 1 4 1824
0 25 1 4 2336
0 27 1 4 2592
1 7 1 4 4896
1 6 1 4 5408
0 3 1 4 6688
1 18 1 4 7456
1 20 1 4 7712
1 22 1 4 7968
1 24 1 5 32
1 19 1 5 288
0 1 1 0 4902
0 4 1 0 5414
1 28 1 0 6694
2 2 1 0 6950
2 2 1 0 7206
0 8 1 1 1830
0 9 1 1 2086
0 22 1 1 3878
0 15 1 1 4134
0 29 1 1 6182
1 8 1 1 7206
0 0 1 2 550
0 9 1 2 806
1 11 1 2 1062
1 13 1 2 1318
1 14 1 2 1574
1 16 1 2 1830
2 1 1 2 2854
1 25 1 6 299
1 27 1 6 555
1 27 1 6 811
1 28 1 6 1067
2 1 1 6 1323
0 2 1 6 1579
0 6 1 6 3627
0 8 1 6 3883
0 10 1 6 4139
1 1 1 6 5163
0 15 1 6 5675
0 13 1 6 5931
0 16 1 6 6187
1 3 1 6 7211
0 24 1 6 7979
0 25 1 7 43
0 27 1 7 299
0 25 1 7 555
1 3 1 7 811
1 4 1 7 1067
2 2 1 7 2347
0 5 1 7 2603
0 7 1 7 2859
1 12 1 7 3115
1 14 1 7 3371
1 16 1 7 3627
1 18 1 7 3883
2 1 1 7 4651
0 1 1 7 4907
0 7 1 3 2097
1 24 1 3 2353
2 1 1 3 2865
1 29 1 3 4145
2 3 1 3 4657
2 3 1 3 4913
0 5 1 3 6961
0 5 1 3 7217
0 8 1 3 7473
0 10 1 3 7729
0 19 1 4 1329
0 17 1 4 1585
0 20 1 4 1841
1 1 1 4 2609
0 28 1 4 3633
0 29 1 4 3889
1 7 1 4 4913
2 2 1 4 5937
0 4 1 4 6193
0 5 1 4 6449
1 14 1 4 6705
1 14 1 4 6961
1 16 1 4 7217
1 17 1 4 7473
2 1 1 5 305
0 1 1 0 4663
2 1 1 0 5175
2 2 1 0 6711
2 2 1 0 6967
0 8 1 1 1591
0 9 1 1 1847
0 11 1 1 2103
1 0 1 1 3127
0 22 1 1 3639
0 15 1 1 3895
0 20 1 1 4407
0 29 1 1 6967
1 9 1 1 7223
0 9 1 2 567
1 11 1 2 823
1 13 1 2 1079
1 14 1 2 1335
1 16 1 2 1591
1 15 1 2 1847
2 1 1 2 2871
1 28 1 5 7740
1 23 1 5 7996
1 23 1 6 60
1 24 1 6 316
0 3 1 6 828
0 7 1 6 4924
0 12 1 6 5436
0 13 1 6 5692
0 15 1 6 5948
1 8 1 6 6716
0 26 1 6 7484
0 19 1 6 7740
0 24 1 7 60
1 6 1 7 2108
1 8 1 7 2364
1 7 1 7 2620
1 10 1 7 2876
2 2 1 7 4156
0 2 1 7 4412
1 14 1 7 4668
1 16 1 7 4924
1 17 1 7 5180
1 17 1 7 5436
1 20 1 7 5948
0 7 1 3 1858
1 24 1 3 2114
1 24 1 3 2370
0 0 1 3 3138
2 3 1 3 4418
2 3 1 3 4674
1 1 1 3 6978
0 8 1 3 7234
0 10 1 3 7490
0 13 1 3 7746
0 15 1 3 8002
0 17 1 4 1346
0 20 1 4 1602
0 19 1 4 1858
1 7 1 4 4930
0 4 1 4 6466
1 17 1 4 7234
1 18 1 4 7490
1 20 1 4 7746
1 22 1 4 8002
2 0 1 5 322
0 1 1 0 4680
1 27 1 0 6216
1 28 1 0 6472
1 28 1 0 6728
2 2 1 0 6984
1 2 1 1 2632
0 14 1 1 3144
0 17 1 1 3400
0 19 1 1 3656
0 22 1 1 3912
1 0 1 1 4424
0 24 1 1 5704
0 27 1 1 5960
0 29 1 1 6216
0 3 1 2 72
1 8 1 2 328
1 10 1 2 584
1 11 1 2 840
1 11 1 2 1096
1 13 1 2 1352
2 3 1 2 2120
0 1 1 2 2376
1 19 1 2 3144
1 23 1 5 8013
1 24 1 6 77
1 25 1 6 333
1 27 1 6 589
2 1 1 6 845
2 3 1 6 1101
0 2 1 6 1357
1 1 1 6 4941
0 12 1 6 5197
0 13 1 6 5453
0 15 1 6 5709
0 13 1 6 5965
1 0 1 6 6733
0 19 1 6 7501
0 24 1 6 8013
0 25 1 7 77
0 27 1 7 333
2 1 1 7 1869
0 4 1 7 2125
1 7 1 7 2381
1 10 1 7 2637
1 11 1 7 2893
1 12 1 7 3149
2 0 1 7 4173
0 0 1 7 4429
1 20 1 7 5709
0 7 1 3 2131
0 1 1 3 2643
2 2 1 3 3667
1 27 1 3 3923
1 29 1 3 4179
2 3 1 3 4691
0 7 1 3 4947
1 4 1 3 6483
0 5 1 3 6995
0 5 1 3 7251
1 2 1 4 339
0 16 1 4 851
0 17 1 4 1107
0 19 1 4 1363
1 1 1 4 2131
0 24 1 4 3155
0 27 1 4 3411
0 28 1 4 3667
0 29 1 4 3923
0 4 1 4 5715
0 4 1 4 5971
1 11 1 4 6227
1 12 1 4 6483
1 14 1 4 6739
1 14 1 4 6995
2 1 1 4 8019
0 1 1 5 83
0 1 1 0 4697
0 2 1 0 4953
1 28 1 0 6233
1 28 1 0 6489
2 2 1 0 6745
2 2 1 0 7001
0 8 1 1 1625
0 9 1 1 1881
1 2 1 1 2649
0 17 1 1 3161
0 22 1 1 3673
0 15 1 1 3929
1 4 1 1 4697
0 29 1 1 5977
1 6 1 1 6745
1 8 1 1 7001
2 1 1 2 89
0 0 1 2 345
1 11 1 2 601
1 11 1 2 857
1 13 1 2 1113
1 14 1 2 1369
0 1 1 2 2393
0 4 1 2 2649
1 28 1 5 7774
1 23 1 5 8030
2 3 1 6 94
2 3 1 6 2142
1 5 1 6 4190
0 11 1 6 4446
0 14 1 6 4702
0 7 1 6 4958
0 12 1 6 5470
1 3 1 6 6238
0 21 1 6 7006
0 23 1 6 7262
0 26 1 6 7518
1 2 1 6 8030
1 6 1 7 94
0 28 1 7 1118
0 28 1 7 1374
1 6 1 7 2142
1 8 1 7 2398
2 1 1 7 3678
0 5 1 7 3934
1 13 1 7 4190
1 15 1 7 4446
1 14 1 7 4702
1 16 1 7 4958
1 17 1 7 5214
