0 23 0 7 3074
1 20 1 7 3586
0 21 0 7 5122
0 15 0 7 6146
1 27 0 7 7170
0 28 0 7 7938
0 16 0 0 771
0 11 0 0 3587
0 20 0 0 4611
1 17 0 0 5635
0 1 1 0 5891
1 20 1 0 6403
1 9 0 0 6659
0 24 1 1 771
0 3 1 1 2051
1 16 0 1 5123
0 14 0 1 7171
0 14 0 1 7939
0 1 1 2 515
2 1 1 2 1539
1 12 0 2 1795
0 1 1 2 2051
1 21 1 2 2307
1 28 1 2 3843
1 26 1 2 4611
0 1 1 2 4867
1 28 1 2 5635
1 28 1 2 6147
1 6 1 3 771
0 12 0 3 1283
1 3 1 3 1795
0 23 0 3 2307
0 15 0 3 3331
0 8 1 3 3843
0 9 1 3 4355
0 10 1 3 4867
0 11 1 3 5379
0 12 1 3 5891
0 14 1 3 6403
1 21 0 4 3
0 18 1 4 515
1 1 1 4 2563
0 24 1 4 3331
0 25 1 4 4355
0 27 1 4 5635
0 29 1 4 6147
1 4 1 4 6659
1 6 1 5 3
2 2 1 5 259
1 6 1 5 1027
0 2 1 5 1795
1 10 1 5 2307
1 13 1 5 2819
1 12 1 5 3331
1 15 1 5 3843
1 18 0 5 7171
0 22 0 6 3
0 23 0 6 1027
1 17 0 6 1795
0 25 0 6 2819
0 23 0 6 3843
0 24 0 6 4867
0 9 0 7 4355
0 24 0 7 7171
1 18 0 0 1028
0 24 0 0 4868
0 29 0 1 2564
0 16 0 1 4356
1 15 0 1 4612
0 10 0 1 5380
0 23 0 1 7428
1 24 0 2 1028
0 25 0 2 3076
0 14 0 2 5124
1 27 0 2 6148
0 21 0 2 6916
0 13 0 2 7940
1 22 0 3 4612
0 24 0 3 7428
0 18 0 4 260
0 26 0 4 5124
0 17 0 4 6148
1 20 0 4 7172
0 25 0 4 7940
1 8 0 5 4
0 19 0 5 772
0 29 0 5 2820
1 17 0 5 3844
0 22 0 5 4612
2 2 0 5 4868
1 5 0 5 5636
0 21 0 6 2308
1 18 0 6 4356
0 27 0 6 5124
1 9 0 6 6148
0 28 0 7 4
0 16 0 7 772
1 11 0 7 1028
0 20 0 7 2820
0 17 0 7 3844
0 22 0 7 4868
2 0 0 7 5892
0 16 0 7 6660
0 11 0 7 7684
0 23 0 0 3333
1 4 0 0 4357
0 16 0 0 5381
0 27 0 0 6405
0 25 0 1 5
0 25 0 1 3845
1 9 0 1 4869
0 24 0 1 6917
0 16 0 2 517
0 18 0 2 2565
0 26 0 2 3589
0 18 0 2 5381
0 20 0 3 2053
0 23 0 3 3077
0 11 0 3 4101
0 26 0 3 6917
0 24 0 3 7941
0 19 0 4 2565
0 27 0 4 3589
0 7 0 4 4613
1 4 0 4 5637
0 16 0 5 261
0 28 0 5 3077
1 7 0 5 5125
0 26 0 5 7941
0 29 0 6 2821
0 16 0 6 3589
1 28 0 6 4613
0 23 0 6 5637
1 9 0 6 6661
0 10 0 6 7685
0 28 0 7 261
1 27 0 7 517
0 24 0 7 1285
0 18 0 7 5125
1 7 0 7 5381
0 18 0 0 1030
1 19 0 0 1798
0 12 0 0 2822
2 0 0 1 518
1 20 0 1 1542
0 23 0 1 2310
1 22 0 1 2566
0 16 0 1 3334
0 27 0 1 6150
1 21 0 1 6406
0 24 0 2 1030
0 27 0 2 2822
1 16 0 2 3078
0 18 0 2 4870
0 26 0 2 7686
1 19 0 3 1542
0 22 0 3 3590
1 20 0 3 4358
0 18 0 3 5382
0 15 0 3 6406
2 2 0 4 1030
1 16 0 4 2054
0 26 0 4 6918
1 28 0 5 774
0 17 0 5 1542
1 29 0 5 2566
0 25 0 5 3590
1 14 0 5 5638
0 22 0 5 6406
2 2 0 5 7430
0 25 0 6 262
0 11 0 6 1286
1 16 0 6 3078
0 13 0 6 5126
0 25 0 6 6918
1 28 0 6 7174
0 15 0 6 7942
0 22 0 7 1798
0 20 0 7 3590
0 18 0 7 4614
0 26 0 0 3335
0 24 0 0 4103
1 29 1 0 4359
0 20 0 0 6151
0 27 0 1 1799
0 27 0 1 2823
1 19 0 1 3847
0 17 0 1 7687
0 29 0 2 1287
2 2 0 2 1543
1 26 0 2 2311
0 23 0 2 3335
0 29 0 2 5383
1 16 0 2 6151
0 29 0 2 7175
0 28 0 3 7
0 25 0 3 5895
1 15 0 3 6919
0 28 0 4 519
0 20 0 4 2567
0 24 0 4 6407
1 14 0 4 7431
0 27 0 5 7
2 0 0 5 1031
1 29 0 5 2055
0 23 0 5 3079
0 26 0 5 4871
0 12 0 5 7943
0 15 0 6 3591
0 27 0 6 4615
0 26 0 6 6407
0 27 0 6 7431
2 1 0 7 263
1 9 0 7 1287
1 16 0 7 2055
0 13 0 7 4103
0 6 0 7 5127
0 20 0 7 6919
1 19 0 7 7943
0 23 0 0 776
1 17 0 0 2824
0 15 0 0 3592
0 20 0 0 6408
1 25 0 0 6664
0 29 0 1 1288
0 24 0 1 3080
1 8 0 1 3336
0 29 0 1 4104
0 17 0 1 7944
1 7 0 2 8
0 28 0 2 3848
0 22 0 3 264
1 3 0 3 520
0 17 0 3 2312
0 18 0 3 3336
1 19 0 3 5128
0 10 0 4 2824
0 15 0 4 3848
0 26 0 4 4872
1 8 0 4 5640
0 24 0 4 7688
0 24 0 5 1544
0 28 0 5 2312
1 21 0 5 2568
0 16 0 5 3336
0 19 0 5 6408
0 22 0 6 8
0 28 0 6 3848
0 20 0 6 4872
0 28 0 6 5896
0 10 0 6 6920
0 24 0 7 520
0 12 0 7 1544
1 13 0 7 2568
0 26 0 7 3592
1 16 0 7 4360
0 22 0 7 5384
0 27 0 7 7432
0 14 0 0 2057
0 27 0 0 4105
0 20 0 0 6921
0 18 0 0 7945
0 28 0 1 777
0 20 0 1 1545
1 25 0 1 3593
0 16 0 1 7433
2 1 0 1 7689
0 21 0 2 265
0 26 0 2 1289
0 14 0 2 4105
1 26 0 2 5129
0 23 0 2 6921
1 17 0 2 7177
0 27 0 3 3593
1 13 0 3 5641
0 26 0 4 265
0 20 0 4 1289
0 20 0 4 5129
0 23 0 5 9
0 22 0 5 777
2 3 0 5 1033
0 17 0 5 1801
0 29 0 5 3849
0 26 0 5 7689
0 17 0 6 1545
0 28 0 6 2313
0 28 0 7 9
0 22 0 7 2057
1 11 0 7 2825
2 1 0 7 6921
0 28 0 7 7689
0 24 0 0 1546
1 2 0 0 2570
0 8 0 0 3338
0 20 0 0 4362
0 24 0 0 5386
0 25 0 1 1034
1 11 0 1 2058
0 25 0 1 3082
0 26 0 1 5898
1 24 0 1 6922
0 23 0 2 1546
0 23 0 2 2570
0 29 0 2 5386
1 17 0 2 6410
0 27 0 3 266
0 29 0 3 1290
0 23 0 3 5130
2 2 0 3 6154
0 21 0 3 6922
0 23 0 3 7946
0 29 0 4 778
1 23 0 4 1802
0 26 0 4 2570
1 23 0 4 2826
0 22 0 4 4618
0 18 0 5 2314
0 26 0 5 5130
0 25 0 5 7178
0 22 0 6 1802
1 24 0 6 3850
0 16 0 6 7690
0 24 0 7 1290
1 19 0 7 1546
0 17 0 7 3338
0 24 0 7 5130
1 28 0 7 6154
0 15 0 7 7178
0 26 0 0 11
0 24 0 0 6667
0 14 0 1 523
0 23 0 1 1547
0 25 0 1 4363
0 19 0 1 5387
0 23 0 2 5899
0 22 0 2 6923
0 22 0 3 1547
0 28 0 3 2571
0 18 0 3 3595
0 26 0 3 4619
0 10 0 3 6411
0 23 0 4 267
0 21 0 4 5131
0 17 0 4 6923
0 26 0 5 779
0 8 0 5 1803
0 29 0 5 3595
1 9 0 5 4619
0 21 0 5 7435
1 18 0 6 1291
0 22 0 6 2315
0 19 0 6 3083
1 4 0 6 3339
0 26 0 6 5131
0 23 0 7 779
0 21 0 7 1803
0 13 0 7 2827
0 28 0 7 4619
1 22 0 7 4875
0 25 0 7 5643
1 14 0 7 6667
0 25 0 7 7691
0 24 0 0 1292
1 6 0 0 2316
0 22 0 0 4364
1 7 0 0 5132
0 22 0 0 6156
0 24 0 1 1804
1 17 0 1 2060
0 11 0 1 6668
1 12 0 1 6924
0 16 0 1 7692
1 17 0 2 524
0 24 0 2 4364
1 18 0 2 5388
0 29 0 2 6412
1 5 0 2 7180
0 23 0 3 12
2 3 0 3 2060
0 16 0 3 3084
0 13 0 3 3852
1 11 0 3 4108
0 20 0 3 7948
0 10 0 4 2572
0 21 0 4 3596
0 21 0 5 1036
1 22 0 5 1292
0 26 0 5 3084
1 24 0 5 4108
0 16 0 5 6924
1 19 0 5 7948
0 18 0 6 780
0 13 0 6 3596
0 21 0 6 4620
0 12 0 7 2316
0 23 0 7 4108
0 26 0 7 5132
0 26 0 7 7180
0 12 0 7 7948
0 18 0 0 781
0 16 0 0 1805
0 16 0 0 2829
1 3 0 0 3853
0 24 0 0 4621
1 6 0 0 5645
0 20 0 0 7693
0 10 0 1 269
1 20 0 1 525
0 11 0 1 1293
1 21 0 1 1549
2 3 0 1 7181
1 29 0 2 13
0 20 0 2 1037
0 27 0 2 3853
1 16 0 2 4877
0 29 0 2 5645
0 21 0 3 1549
0 26 0 3 7181
0 17 0 4 1037
0 11 0 4 2829
1 10 0 4 3853
0 24 0 4 4877
0 22 0 4 5901
1 19 1 4 7437
0 18 1 4 7949
0 1 1 5 13
1 20 1 5 269
1 18 1 5 781
1 21 1 5 1293
1 23 1 5 1805
1 23 1 5 2317
1 25 1 5 2829
2 1 1 5 3341
2 2 1 5 3853
2 3 1 5 4365
1 29 1 5 4877
2 2 1 5 5389
0 7 0 5 6413
0 4 1 6 525
0 5 1 6 1037
0 5 1 6 1549
0 6 1 6 2061
0 7 1 6 2573
0 10 1 6 3853
1 23 0 6 4109
0 11 1 6 4365
0 13 1 6 4877
1 0 1 6 5133
0 13 1 6 5389
1 2 1 6 5645
0 16 0 6 5901
0 15 1 6 6413
1 1 0 6 7949
0 21 1 7 1037
0 23 1 7 1549
0 28 1 7 1805
0 1 0 7 2573
0 25 1 7 3085
1 8 0 7 3597
1 1 1 7 4109
1 20 0 7 4621
0 26 1 7 5389
0 26 1 7 5901
1 5 1 7 6413
1 6 1 7 6925
1 7 1 0 14
1 17 0 0 270
1 9 1 0 1038
1 12 1 0 1550
1 14 1 0 2574
0 1 1 0 2830
1 16 1 0 3598
0 8 0 0 4110
1 16 0 0 5134
0 15 0 0 5902
2 2 0 0 6158
1 18 0 0 6926
0 7 0 0 7950
0 17 0 1 782
0 20 0 1 2574
0 22 0 1 3598
0 21 0 1 7438
0 20 0 2 1294
0 28 0 2 4110
0 29 0 2 5134
0 21 0 2 6926
1 22 0 2 7950
0 13 0 3 1806
1 17 0 3 2830
0 25 0 3 3598
0 10 0 3 5646
0 19 0 4 3342
0 23 0 4 5134
0 13 0 4 6158
0 15 0 5 1806
0 16 0 5 2830
1 27 0 5 5646
0 19 0 5 6670
1 20 0 6 1550
0 24 0 6 2318
0 24 0 6 5390
0 27 0 6 7182
0 9 0 7 1806
1 19 0 7 2062
0 18 0 7 2830
1 20 0 7 6926
0 28 0 0 1551
1 18 0 0 2319
0 27 0 0 4367
0 14 0 0 5391
1 16 0 0 6159
0 29 0 1 1039
0 10 0 1 2831
0 26 0 1 3855
0 16 0 2 1551
1 13 0 2 2575
0 21 0 2 3343
0 29 0 2 4367
1 21 0 2 6159
0 25 0 2 7183
1 5 0 3 15
0 13 0 3 1039
0 29 0 3 1807
1 18 0 3 2831
1 22 0 3 5903
0 26 0 4 2319
1 3 0 4 3343
0 19 0 4 4367
0 24 0 4 5391
1 23 0 4 6415
0 16 0 4 7183
1 1 0 5 15
0 19 0 5 2831
0 14 0 5 5647
1 11 0 5 5903
0 11 0 6 2319
0 29 0 6 5391
1 17 0 6 6159
0 22 0 7 15
0 22 0 7 1039
0 18 0 7 3855
0 18 0 7 4879
1 7 0 7 5647
0 28 0 7 6671
0 17 0 7 7695
0 22 0 0 528
0 16 0 0 1296
0 18 0 0 4368
0 24 0 0 6160
0 10 0 1 1040
0 27 0 1 1808
1 26 0 1 2064
0 13 0 1 2832
1 26 0 1 3856
0 21 0 1 4880
0 14 0 1 5648
1 21 0 1 5904
0 20 0 2 528
0 21 0 2 4368
0 24 0 2 6160
1 14 0 2 7184
0 8 0 3 2832
0 13 0 3 4880
0 26 0 3 5648
1 25 0 3 7696
0 21 0 4 528
0 23 0 4 2320
1 6 0 4 3344
0 22 0 4 4368
0 23 0 5 16
0 10 0 5 2832
0 22 0 5 6672
0 24 0 5 7696
0 21 0 6 1296
1 25 0 6 1552
2 2 0 6 4368
0 20 0 6 5136
1 8 0 6 5392
0 16 0 6 7184
1 26 0 7 16
0 13 0 7 784
1 9 0 7 1040
0 22 0 7 2832
0 23 0 7 3856
0 17 0 7 4880
0 19 0 0 1297
1 9 0 0 1553
0 12 0 0 2321
0 29 0 0 6161
0 11 0 1 3857
0 18 0 1 4881
0 7 0 1 7697
0 14 0 2 529
1 16 0 2 1297
0 10 0 2 2321
0 24 0 2 7185
0 26 0 3 785
1 9 0 3 1041
0 21 0 3 2833
0 13 0 3 3857
1 16 0 3 7697
0 25 0 4 529
0 28 0 4 1297
1 11 0 4 2321
0 24 0 4 6161
0 26 0 5 17
0 13 0 5 2833
0 15 0 5 4625
1 23 0 5 4881
0 20 0 5 5649
0 21 0 5 6673
0 17 0 6 529
0 14 0 6 2321
0 27 0 6 4369
0 23 0 6 6161
0 25 0 7 17
0 27 0 7 1809
0 24 0 7 5649
0 24 0 0 274
1 20 0 0 530
0 18 0 0 1298
1 28 0 0 3346
0 20 0 0 4370
0 15 0 0 7186
0 18 0 1 3858
0 16 0 1 5650
0 19 0 1 6674
0 23 0 1 7698
1 2 0 2 274
0 11 0 2 4114
1 7 0 2 4370
0 29 0 2 5138
0 20 0 2 6162
0 24 0 3 1810
0 28 0 3 2834
0 28 0 3 3858
0 24 0 3 4626
1 14 0 3 4882
0 25 0 3 6674
0 21 0 4 1298
0 12 0 4 4114
1 25 0 4 5138
0 26 0 4 7186
0 29 0 5 786
1 14 0 5 1810
0 18 0 5 5650
0 14 0 5 6674
1 21 0 6 1298
0 29 0 6 4114
1 20 0 6 4370
0 23 0 6 7954
1 10 0 7 18
0 20 0 7 2834
0 17 0 7 5650
0 24 0 7 6674
0 26 0 0 275
1 16 0 0 531
0 14 0 0 1299
0 29 0 0 3347
0 17 0 0 5139
0 17 0 1 1811
0 22 0 1 3603
1 14 0 1 3859
0 28 0 1 4627
0 24 0 1 6675
0 23 0 2 275
1 12 0 2 531
0 24 0 2 1299
0 17 0 2 2323
0 9 0 2 4115
1 7 0 2 4371
0 6 0 2 5139
0 22 0 2 7187
0 13 0 3 6675
0 25 0 3 7699
0 23 0 4 2323
0 29 0 4 4115
1 27 0 4 4371
0 12 0 4 5139
0 19 0 4 7955
1 17 0 5 19
0 19 0 5 2835
0 28 0 5 3859
0 24 0 5 7699
0 27 0 6 275
1 15 0 6 531
0 21 0 6 1299
0 26 0 6 2323
0 29 0 6 4115
1 25 0 6 4371
0 21 0 6 5139
0 21 0 7 787
0 26 0 7 4627
1 9 0 7 5651
0 18 0 7 6675
0 12 0 7 7699
0 20 0 0 1300
0 17 0 0 2324
0 27 0 0 4116
0 25 0 0 6164
1 9 0 1 788
0 27 0 1 1812
0 19 0 1 3604
1 23 0 1 3860
0 23 0 1 5652
0 29 0 1 6676
0 19 0 2 276
1 10 0 2 532
0 23 0 2 2324
0 29 0 2 6164
1 16 0 2 7188
2 2 0 3 20
0 29 0 3 788
0 28 0 3 1812
0 28 0 3 3604
1 10 0 3 5652
0 14 0 3 6676
0 23 0 4 1300
0 19 0 4 4116
0 26 0 4 5140
0 14 0 4 7188
0 23 0 5 788
0 15 0 5 3604
1 18 0 5 3860
0 26 0 5 5652
0 24 0 6 2324
1 18 0 6 3348
0 27 0 6 4116
0 23 0 6 6164
0 18 0 7 788
0 14 0 7 2836
1 6 0 7 4628
0 1 1 7 4884
2 1 1 7 5908
1 20 1 7 6164
0 1 1 7 7956
1 24 1 0 21
1 26 1 0 1045
1 28 1 0 1557
0 2 1 0 2069
0 2 1 0 2581
0 25 1 0 4373
0 3 1 0 4885
0 28 1 0 5397
0 5 1 0 6421
0 5 1 0 6933
0 7 1 0 7957
0 19 1 1 21
0 8 1 1 277
0 27 1 1 1045
0 10 1 1 1301
0 12 1 1 2325
0 10 0 1 2837
0 14 1 1 3349
1 22 0 1 3861
0 19 1 1 5653
0 20 1 1 6165
0 22 1 1 6677
0 22 1 1 7189
0 25 1 2 277
1 5 0 2 533
0 26 1 2 789
0 26 1 2 1301
0 27 1 2 1813
0 26 1 2 3093
0 6 1 2 3605
1 5 1 2 4117
1 5 1 2 4629
1 8 1 2 5141
1 7 1 2 5653
1 12 1 2 6933
1 14 1 2 7957
2 1 1 3 21
1 13 1 3 277
2 0 1 3 533
1 16 1 3 789
1 14 1 3 1301
2 1 1 3 2837
0 26 0 3 3861
1 27 0 3 4885
0 29 0 3 7701
1 23 0 4 533
0 28 0 4 3349
0 15 0 4 4373
1 27 0 4 7189
0 24 0 5 2069
0 18 0 5 2837
1 26 0 5 3093
0 23 0 5 4885
0 17 0 6 533
1 22 0 6 1557
0 24 0 6 4373
1 25 0 6 5397
0 19 0 7 21
1 28 0 7 277
0 23 0 7 5909
0 22 0 7 6933
0 29 0 0 790
0 21 0 0 4630
0 15 0 0 7446
0 25 0 1 2070
1 23 0 1 3094
0 26 0 1 6166
1 29 0 1 7190
0 16 0 2 1814
1 18 0 2 2838
0 16 0 2 3606
0 12 0 2 6422
1 8 0 2 6678
0 12 0 3 278
0 22 0 3 2326
1 15 0 3 3094
0 12 0 3 4118
0 17 0 3 6166
1 19 0 3 7958
0 26 0 4 790
0 17 0 4 1814
1 10 0 4 2582
0 24 0 4 6422
0 16 0 5 278
0 26 0 5 5142
0 18 0 5 6934
1 17 0 5 7190
0 14 0 6 2582
0 9 0 6 7446
0 19 0 7 1302
1 23 0 7 2326
0 28 0 0 791
0 29 0 0 1815
0 25 0 0 5655
1 21 0 0 7447
0 14 0 1 279
0 25 0 1 2071
1 17 0 1 3095
0 21 0 1 4119
0 12 0 1 6167
1 11 0 1 6935
0 29 0 2 2583
1 25 0 2 2839
0 11 0 2 3607
0 17 0 2 5655
0 27 0 3 279
0 21 0 3 1303
0 23 0 3 5143
1 27 0 3 6167
0 25 0 3 7959
0 25 0 4 791
0 27 0 4 1815
0 27 0 4 3607
0 28 0 4 6423
0 26 0 4 7447
0 28 0 5 279
0 28 0 5 1303
0 15 0 5 2071
1 21 0 5 2327
0 24 0 5 4119
0 21 0 5 5143
0 11 0 5 6935
1 15 0 5 7191
0 14 0 5 7959
0 28 0 6 4631
0 26 0 6 5655
0 23 0 7 2071
1 29 0 7 2327
0 12 0 7 3095
1 7 0 7 4119
0 12 0 7 6935
0 19 0 7 7959
0 23 0 0 792
1 6 0 0 1816
0 11 0 0 2584
0 10 0 1 280
0 21 0 1 1304
1 15 0 1 2072
0 11 0 1 3096
0 15 0 1 5144
0 15 0 1 6936
0 24 0 2 792
0 17 0 2 1560
1 15 0 2 1816
0 12 0 2 4632
0 29 0 2 6424
0 28 0 3 2072
1 24 0 3 2328
0 13 0 3 4120
0 15 0 3 5912
0 8 0 3 7960
0 15 0 4 2584
0 26 0 4 4632
1 11 0 4 6424
0 25 0 4 7448
0 13 0 5 280
0 22 0 5 2072
0 23 0 5 3096
1 13 0 5 4120
0 28 0 5 5144
0 22 0 5 5912
1 14 0 5 6168
0 25 0 5 7960
1 20 0 6 792
0 15 0 6 1560
0 17 0 6 4632
0 11 0 6 5400
0 16 0 6 6424
0 26 0 7 280
1 7 0 7 1304
0 9 0 7 2072
0 17 0 7 5912
0 20 0 7 7960
0 23 0 0 2585
0 22 0 0 5401
1 20 0 0 5657
0 15 0 0 6425
0 25 0 0 7449
0 23 0 1 281
0 14 0 1 1049
1 12 0 1 2329
0 25 0 1 3097
0 25 0 1 5145
0 27 0 1 5913
1 17 0 1 6937
0 28 0 2 793
0 24 0 2 2585
0 26 0 2 5401
1 17 0 2 5657
0 20 0 2 6425
0 5 0 2 7449
0 19 0 3 1049
0 22 0 3 2073
1 2 0 3 3097
0 23 0 3 5913
0 11 0 4 793
1 12 0 4 2585
0 22 0 4 3609
0 11 0 4 4633
0 13 0 4 6425
0 23 0 4 7449
0 29 0 5 1049
1 21 0 5 1305
0 23 0 5 4889
0 25 0 6 793
0 29 0 6 5401
0 27 0 7 281
0 29 0 7 1049
1 28 0 7 1305
0 19 0 7 4889
1 13 0 7 5145
0 24 0 7 5913
0 28 0 7 7961
0 28 0 0 1562
0 23 0 0 3610
0 9 0 0 6426
0 29 0 0 7450
1 15 0 1 1306
0 22 0 1 2074
1 23 0 1 3098
0 25 0 1 4890
1 29 0 1 5146
0 19 0 1 6938
1 13 0 1 7962
0 24 0 2 794
1 15 0 2 1562
0 18 0 2 4634
0 28 0 2 6426
1 17 0 2 7450
0 19 0 3 1050
0 24 0 3 4890
1 14 0 3 5146
0 16 0 3 7962
1 7 0 4 1562
0 15 0 4 4634
0 29 0 4 6426
0 15 0 4 7450
0 20 0 5 282
0 18 0 5 1050
1 29 0 5 1306
0 18 0 5 2074
0 10 0 5 4890
1 13 0 5 5146
0 18 0 5 5914
0 13 0 5 7962
0 7 0 6 538
0 15 0 6 5402
0 12 0 7 282
0 29 0 7 3098
0 25 0 7 4122
0 22 0 7 5914
0 15 0 7 6938
0 19 0 0 539
1 12 0 0 795
0 13 0 0 1563
0 24 0 0 5403
0 14 0 1 283
0 14 0 1 3099
0 29 0 1 4123
1 10 0 1 4891
0 17 0 1 6939
1 29 0 1 7963
0 24 0 2 539
1 26 0 2 1563
0 13 0 2 7451
0 20 0 3 2075
0 27 0 3 3099
0 17 0 3 5915
0 7 0 3 6939
0 19 0 4 3611
0 17 0 4 5403
0 24 0 5 1051
1 7 0 5 2075
0 26 0 5 5915
1 15 0 5 6939
0 27 0 6 1563
0 14 0 6 3611
0 16 0 6 5403
1 8 0 7 283
0 23 0 7 1051
1 1 0 7 2075
0 24 0 7 3867
1 18 0 7 4123
0 17 0 7 4891
0 21 0 7 6939
1 16 0 7 7963
0 8 0 0 2588
1 20 0 0 3612
0 23 0 0 6428
0 11 0 0 7452
1 4 0 1 28
0 27 0 1 4892
1 11 0 1 5916
0 15 0 1 6940
0 1 1 2 2076
1 20 1 2 3100
0 8 0 2 3612
2 1 1 2 4636
1 24 1 2 5404
1 25 1 2 5916
1 27 1 2 6940
0 9 0 2 7452
1 28 1 2 7964
1 1 1 3 2332
1 27 0 3 4124
0 6 1 3 4892
0 7 1 3 5404
0 8 1 3 5916
0 9 1 3 6428
0 11 1 3 7452
0 14 1 4 540
0 15 1 4 1052
0 16 1 4 1564
0 17 1 4 2076
0 23 1 4 4380
0 1 0 4 4636
0 24 1 4 5404
0 25 1 4 5916
0 27 1 4 7196
0 27 1 4 7708
0 26 1 5 28
0 27 1 5 540
1 5 1 5 1052
1 6 1 5 1564
2 1 1 5 1820
0 4 1 5 2332
1 9 1 5 2844
0 8 1 5 3356
1 11 1 5 3868
0 0 0 5 4124
1 9 1 5 4380
1 12 1 5 5404
1 19 0 5 6172
1 20 1 5 6940
2 0 1 5 7964
0 26 0 6 796
0 25 0 6 2588
0 27 0 6 6684
0 23 0 7 3100
1 29 0 7 3356
0 18 0 7 4124
1 21 0 7 5148
0 22 0 7 6172
1 17 0 7 7196
0 10 0 0 797
1 24 0 0 1821
0 13 0 0 2845
0 19 0 0 3869
0 22 0 0 6685
1 16 0 0 7709
0 15 0 1 285
1 25 0 1 541
0 18 0 1 2333
0 26 0 1 5149
1 19 0 1 7197
0 23 0 2 1053
1 28 0 2 2077
0 17 0 2 6685
1 24 0 2 6941
0 18 0 3 541
0 20 0 3 2333
0 24 0 4 29
0 27 0 4 1053
1 23 0 4 2077
0 23 0 4 5917
1 26 0 4 6941
0 21 0 5 541
1 21 0 5 3613
0 12 0 5 4381
1 17 0 5 7453
0 25 0 6 29
0 26 0 6 4893
0 11 0 6 6941
1 16 0 6 7709
0 22 0 7 1565
0 26 0 7 2589
1 26 0 7 3613
0 17 0 7 4381
0 28 0 7 6429
1 29 0 0 30
0 26 0 0 3102
0 26 0 0 3870
0 16 0 0 5918
0 14 0 0 6942
1 18 0 0 7966
0 22 0 1 542
0 14 0 1 2590
0 25 0 1 3358
1 8 0 1 3614
0 18 0 1 5406
0 25 0 1 7198
1 22 0 1 7454
0 19 0 2 30
0 22 0 2 2078
0 13 0 2 7710
0 7 0 3 542
0 17 0 3 2590
0 29 0 3 4382
0 25 0 3 6430
1 9 0 3 7198
0 27 0 4 1054
0 22 0 4 3102
0 16 0 4 3870
0 20 0 4 5918
0 28 0 4 7710
1 29 0 5 542
0 19 0 5 1566
0 14 0 5 3358
1 21 0 5 3614
0 29 0 5 4382
1 18 0 5 5406
0 17 0 5 6430
0 24 0 6 1054
0 19 0 6 2078
0 20 0 6 2846
1 22 0 6 3102
0 13 0 6 5918
0 23 0 6 6942
0 8 0 6 7710
0 26 0 7 542
0 21 0 7 1566
1 6 0 7 3614
0 23 0 7 6430
1 14 0 7 7198
0 28 0 0 31
0 10 0 0 1055
0 11 0 0 2847
1 27 0 0 3103
0 29 0 0 4895
0 27 0 1 1567
0 15 0 1 3359
0 9 0 1 6431
0 15 0 2 31
0 28 0 2 1055
0 23 0 2 2847
1 9 0 2 3103
0 18 0 2 3871
0 10 0 2 4895
0 19 0 2 5919
0 17 0 2 7711
0 15 0 3 1567
0 25 0 3 2591
0 21 0 3 3359
0 24 0 3 4383
0 19 0 4 1055
0 29 0 4 4895
0 23 0 4 7711
1 29 0 5 1567
0 14 0 5 2335
1 26 0 5 2591
0 17 0 5 4383
1 14 0 5 5407
0 25 0 6 31
0 18 0 6 1055
0 13 0 6 2847
0 28 0 6 4895
0 23 0 6 6687
1 24 0 6 6943
0 16 0 6 7711
0 17 0 7 2335
0 20 0 7 6431
0 14 0 7 7199
0 15 0 0 32
0 29 0 0 1056
0 16 0 0 5920
0 21 0 1 544
1 24 0 1 2592
0 17 0 1 4384
0 24 0 1 6432
0 13 0 1 7200
0 19 0 2 32
0 28 0 2 1056
0 18 0 2 2848
1 22 0 2 3104
0 19 0 2 3872
0 23 0 2 7712
0 17 0 3 1568
0 23 0 3 2336
1 6 0 3 3616
0 15 0 3 4384
0 7 0 3 5408
0 14 0 3 6176
0 20 0 3 7200
1 21 0 3 7456
0 9 0 4 32
2 3 0 4 288
0 7 0 4 2080
0 8 0 4 2848
0 10 0 4 3872
0 18 0 4 4896
0 8 0 4 5920
0 13 0 4 6688
0 19 0 5 544
0 18 0 5 1568
0 26 0 5 2336
1 9 0 5 2592
0 10 0 5 3360
1 5 0 5 3616
0 14 0 5 4384
2 2 0 5 4640
0 25 0 5 5408
0 15 0 5 6176
0 7 0 5 7200
1 21 0 5 7456
0 8 0 6 32
0 19 0 6 1056
0 13 0 6 2080
0 18 0 6 2848
0 26 0 6 3872
0 8 0 6 4896
0 10 0 6 5920
0 16 0 6 6688
1 19 0 6 6944
0 6 0 7 544
0 28 0 7 1568
0 7 0 7 2336
0 14 0 7 3360
0 4 0 7 4384
0 8 0 7 5408
0 17 0 7 6176
1 3 0 7 6432
0 10 0 0 33
0 9 0 0 1057
0 7 0 0 2081
0 9 0 0 2849
1 12 0 0 3105
0 9 0 0 4897
0 14 0 0 5921
0 10 0 0 6689
1 8 0 0 6945
0 23 0 0 7713
0 12 0 1 545
0 11 0 1 1569
0 21 0 1 2337
1 5 0 1 2593
0 20 0 1 3361
1 13 0 1 3617
0 18 0 1 4385
0 13 0 1 5409
0 23 0 1 6177
1 20 0 1 6433
0 9 0 1 7201
0 9 0 2 33
0 13 0 2 1057
0 13 0 2 2081
0 13 0 2 2849
1 11 0 2 3105
0 8 0 2 3873
0 5 0 2 4897
0 14 0 2 5921
0 13 0 2 6689
0 13 0 2 7713
0 13 0 3 545
0 26 0 3 1569
0 9 0 3 2337
0 11 0 3 3361
1 6 0 3 3617
0 25 0 3 4385
0 17 0 3 5409
0 18 0 3 6177
0 8 0 3 7201
1 4 0 3 7457
0 8 0 4 33
0 12 0 4 1057
0 12 0 4 2081
0 9 0 4 2849
1 2 0 4 3105
0 18 0 4 3873
0 13 0 4 4897
0 9 0 4 5921
0 12 0 4 6689
1 5 0 4 6945
0 20 0 4 7713
0 17 0 5 545
0 6 0 5 1569
0 11 0 5 2337
1 3 0 5 2593
0 6 0 5 3361
1 17 0 5 3617
0 24 0 5 4385
0 6 0 5 5409
0 14 0 5 6177
0 16 0 5 7201
0 15 0 6 33
0 25 0 6 1057
0 13 0 6 2081
0 13 0 6 2849
1 23 0 6 3105
0 21 0 6 3873
0 13 0 6 4897
0 11 0 6 5921
0 15 0 6 6689
0 19 0 6 7713
0 8 0 7 545
0 11 0 7 1569
0 16 0 7 2337
0 17 0 7 3361
0 18 0 7 4385
0 9 0 7 5409
0 6 0 7 6177
0 22 0 7 7201
0 13 0 0 34
0 9 0 0 1058
0 16 0 0 2082
0 20 0 0 2850
1 18 0 0 3106
0 8 0 0 3874
0 9 0 0 4898
0 7 0 0 5922
0 13 0 0 6690
1 18 0 0 6946
0 14 0 0 7714
0 16 0 1 546
2 2 0 1 802
0 12 0 1 1570
0 7 0 1 2338
0 19 0 1 3362
1 17 0 1 3618
0 15 0 1 4386
0 7 0 1 6178
0 12 0 1 7202
1 10 0 1 7458
0 9 0 2 34
0 14 0 2 1058
0 17 0 2 2082
0 19 0 2 2850
0 18 0 2 3874
0 12 0 2 4898
0 11 0 2 5922
0 8 0 2 6690
0 17 0 2 7714
0 14 0 3 546
0 10 0 3 1570
0 9 0 3 2338
0 14 0 3 3362
0 22 0 3 4386
0 16 0 3 5410
0 11 0 3 6178
0 10 0 3 7202
1 21 0 3 7458
0 6 0 4 34
0 9 0 4 1058
0 14 0 4 2082
0 15 0 4 2850
0 17 0 4 3874
0 17 0 4 4898
0 19 0 4 6690
1 21 0 4 6946
0 20 0 4 7714
0 8 0 5 546
0 16 0 5 1570
0 13 0 5 2338
0 8 0 5 4386
0 15 0 5 5410
0 7 0 5 6178
1 7 0 5 7458
0 4 0 6 34
0 14 0 6 1058
0 10 0 6 1826
1 4 0 6 2082
0 17 0 6 2850
1 10 0 6 3106
0 13 0 6 3874
0 15 0 6 4898
0 8 0 6 5922
0 23 0 6 6690
1 6 0 6 6946
0 8 0 6 7714
0 17 0 7 546
0 14 0 7 1570
0 9 0 7 2338
0 11 0 7 3362
1 8 0 7 3618
0 16 0 7 4386
0 14 0 7 5410
0 9 0 7 6178
0 19 0 0 35
2 2 0 0 291
0 8 0 0 1059
0 24 0 0 2083
0 13 0 0 2851
1 3 0 0 3107
0 16 0 0 3875
0 14 0 0 4899
0 27 0 0 5923
0 10 0 0 6691
0 21 0 0 7715
0 22 0 1 547
0 10 0 1 1571
0 17 0 1 2339
0 10 0 1 3363
1 8 0 1 3619
0 16 0 1 4387
0 5 0 1 5411
0 16 0 1 6179
0 8 0 1 7203
1 14 0 1 7459
0 12 0 2 35
0 14 0 2 1059
0 8 0 2 2083
0 10 0 2 2851
1 12 0 2 3107
0 27 0 2 3875
0 13 0 2 4899
0 5 0 2 5923
0 8 0 2 6691
0 9 0 2 7715
0 13 0 3 547
0 19 0 3 1571
0 20 0 3 2339
1 12 0 3 2595
0 10 0 3 3363
1 5 0 3 3619
0 7 0 3 4387
0 16 0 3 6179
1 1 0 3 6435
0 7 0 3 7203
1 3 0 3 7459
0 21 0 4 35
0 14 0 4 1059
0 17 0 4 2083
0 5 0 4 2851
1 15 0 4 3107
0 14 0 4 3875
1 6 0 4 4131
0 18 0 4 4899
0 11 0 4 5923
0 14 0 4 6691
1 15 0 4 6947
0 18 0 4 7715
0 11 0 5 547
0 16 0 5 1571
0 14 0 5 2339
0 8 0 5 3363
0 7 0 5 5411
0 14 0 5 6179
0 22 0 5 7203
0 29 0 6 35
0 27 0 6 1059
0 4 0 6 2083
0 18 0 6 2851
2 1 0 6 3107
0 13 0 6 3875
0 9 0 6 4899
0 13 0 6 5923
0 10 0 6 6691
0 15 0 6 7715
0 16 0 7 547
0 18 0 7 1571
0 22 0 7 2339
0 11 0 7 3363
1 18 0 7 3619
0 15 0 7 4387
0 18 0 7 5411
0 8 0 7 6435
1 11 0 7 7459
1 20 1 7 7971
0 1 1 0 548
1 21 1 0 804
0 1 1 0 1572
0 7 0 0 2084
1 25 1 0 2596
2 2 0 0 3108
1 27 1 0 3620
1 23 0 0 4132
0 2 1 0 4388
2 3 0 0 5156
2 2 1 0 5412
2 3 0 0 7972
1 4 1 1 36
0 7 1 1 804
1 3 1 1 1060
0 5 0 1 1572
0 3 1 1 1828
1 0 1 1 2084
0 4 0 1 2596
0 7 1 1 2852
1 1 1 1 3108
0 9 1 1 3876
1 1 1 1 4132
0 11 1 1 4900
0 12 1 1 5412
0 14 1 1 6692
1 0 1 1 6948
0 15 1 1 7204
0 16 1 1 7716
1 1 1 1 7972
0 17 1 2 36
1 9 0 2 292
0 19 1 2 1060
1 1 1 2 1828
0 10 0 2 2084
