1 23 0 6 1025
0 25 0 6 2817
0 23 0 6 4609
1 23 1 6 7169
2 0 1 6 7425
0 18 0 7 257
1 25 0 7 4353
0 1 1 7 6145
1 13 1 7 6401
0 22 0 0 1794
1 26 0 0 2050
0 0 1 0 3842
1 17 1 0 4098
2 1 1 0 4610
1 19 0 0 7682
1 23 1 2 4098
1 24 1 2 5122
1 25 1 2 5890
2 2 1 2 6146
1 26 1 2 6658
2 0 1 2 6914
1 27 1 2 7682
1 28 1 3 258
0 1 1 3 514
1 29 1 3 1282
2 1 1 3 2050
2 2 1 3 2818
2 3 1 3 3842
1 1 1 4 3074
0 8 1 4 3330
0 9 1 4 5122
0 11 1 4 6914
0 12 1 4 7682
0 13 1 5 258
1 0 1 5 770
0 14 1 5 1026
0 15 1 5 2050
0 16 1 5 2818
0 17 1 5 3586
0 18 1 5 4610
1 1 1 5 4866
0 19 1 5 5378
1 0 1 5 5634
0 20 1 5 6146
0 21 1 5 6914
0 22 1 5 7938
0 23 1 6 514
0 24 1 6 1282
1 1 1 6 1538
0 25 1 6 2050
0 26 1 6 3074
0 27 1 6 3842
0 28 1 6 4610
0 29 1 6 5378
1 3 1 6 5634
2 1 1 7 5378
1 11 1 7 5634
1 12 1 7 6658
0 4 1 7 7170
1 13 1 7 7426
0 2 1 7 7938
1 14 1 0 3
2 1 1 0 515
1 15 1 0 1027
1 16 1 0 1795
1 16 1 0 2563
1 17 1 0 3587
2 0 1 0 3843
1 18 1 0 4355
1 19 1 0 5123
0 1 1 0 5635
1 20 1 0 6147
2 1 1 0 6403
1 21 1 0 6915
1 22 1 0 7683
1 23 1 0 7699
2 0 1 0 7955
1 24 1 1 275
1 25 1 1 1299
0 1 1 1 1555
1 26 1 1 2067
0 0 0 1 2323
1 27 1 1 2835
2 1 1 1 3091
1 28 1 1 3859
1 29 1 1 4627
2 3 1 1 4883
2 2 1 1 5651
2 2 1 1 6419
2 3 1 1 7187
1 2 1 2 7443
0 8 1 2 7699
0 10 1 3 1299
1 0 1 3 1811
0 11 1 3 2067
0 12 1 3 2835
0 13 1 3 3859
0 14 1 3 4627
0 15 1 3 5395
1 0 1 3 5907
0 16 1 3 6419
0 17 1 3 7187
0 18 1 3 7955
0 19 1 4 531
0 20 1 4 1555
1 1 1 4 1811
0 21 1 4 2323
1 0 1 4 2579
0 22 1 4 3091
0 23 1 4 3859
0 24 1 4 4883
0 25 1 4 5651
0 26 1 4 6419
1 0 1 4 6675
0 27 1 4 7187
1 1 1 4 7443
0 28 1 5 19
0 29 1 5 787
1 11 1 6 1043
2 1 1 6 1555
1 12 1 6 1811
1 13 1 6 2835
1 14 1 6 3603
0 2 1 6 4115
1 15 1 6 4371
2 2 1 6 4883
1 16 1 6 5395
1 16 1 6 6163
1 17 1 6 6931
0 2 1 6 7443
1 18 1 6 7699
2 1 1 7 19
1 19 1 7 531
1 20 1 7 1299
1 21 1 7 2323
0 1 1 7 2579
1 22 1 7 3091
12 17 1 5 6168
