0 14 0 3 6146
1 19 1 3 6402
0 16 0 4 1794
0 29 0 4 5634
0 28 0 5 1282
0 25 0 5 2306
0 21 0 5 5122
0 15 0 5 6146
0 19 0 5 7170
0 16 0 6 1794
1 13 0 6 2818
1 7 0 6 3842
0 17 0 6 6658
0 28 0 7 514
0 4 0 7 1282
1 27 0 7 1538
0 18 0 7 3330
0 15 0 7 4354
0 21 0 0 3
0 23 0 0 1027
0 26 0 0 2051
0 19 0 0 3843
0 24 0 0 4867
0 27 0 0 5891
1 17 0 0 7683
0 27 0 1 515
0 29 0 1 2563
1 12 0 1 7427
0 23 0 2 3
1 18 0 2 259
0 28 0 2 1027
1 18 0 2 3075
0 28 0 2 4099
0 9 0 2 6915
0 18 0 3 771
0 23 0 3 1539
1 19 0 3 2563
0 18 0 3 3587
0 27 0 3 5379
1 22 0 3 5635
0 27 0 4 259
0 20 0 4 2051
1 10 0 4 2307
2 2 0 4 5123
0 25 0 4 6147
0 28 0 5 1795
0 19 0 5 2819
0 28 0 5 3587
0 26 0 5 5635
0 14 0 5 7427
1 11 0 5 7683
0 29 0 6 1283
1 20 0 6 2307
0 14 0 6 3331
1 19 0 6 5379
0 15 0 7 3
0 12 0 7 771
1 8 0 7 1027
0 18 0 7 1795
0 20 0 7 2819
0 8 0 7 3843
0 14 0 0 516
0 17 0 0 3332
0 25 0 0 4356
0 25 0 0 6148
2 3 0 0 7172
1 19 0 1 4
0 23 0 1 1796
1 22 0 1 2820
0 22 0 1 7684
0 20 0 2 516
0 28 0 2 2564
0 26 0 2 3332
1 11 0 2 4356
0 26 0 3 1028
0 10 0 3 2052
0 25 0 3 3076
1 23 0 3 3844
0 15 0 3 4868
0 9 0 3 5892
1 7 0 3 6916
0 17 0 3 7940
0 23 0 4 516
1 29 0 4 772
0 29 0 4 3588
1 17 0 4 4612
0 23 0 4 5380
1 25 0 4 5636
0 27 0 4 7428
2 2 0 5 4100
1 24 0 5 5124
0 10 0 5 5892
0 29 0 6 2564
1 0 0 6 3588
0 25 0 6 4612
0 15 0 6 6660
0 27 0 7 3076
0 25 0 7 6148
1 15 0 7 7940
0 27 0 0 1797
0 23 0 0 2821
0 28 0 0 4613
1 12 0 0 4869
0 21 0 0 7685
0 27 0 1 517
0 27 0 1 2309
0 20 0 1 5125
1 13 0 1 5381
0 23 0 1 6149
0 24 0 2 5
0 16 0 2 1029
1 17 0 2 1797
0 23 0 2 3845
0 23 0 2 6661
1 28 0 2 6917
0 22 0 3 517
0 23 0 3 2565
0 20 0 3 3333
1 8 0 3 3589
0 25 0 3 5381
0 29 0 3 7173
1 25 0 3 7429
2 1 0 4 261
1 0 0 4 2053
0 24 0 4 3845
0 22 0 4 6917
0 21 0 5 2565
0 20 0 5 3589
0 26 0 5 6405
0 20 0 6 261
1 2 0 6 1029
0 21 0 6 2053
1 12 0 6 3077
2 1 0 6 5125
1 18 0 6 5893
0 27 0 6 6917
1 9 0 6 7941
0 12 0 7 1797
0 14 0 7 4613
1 13 0 7 5637
0 22 0 0 262
1 10 0 0 1286
0 17 0 0 2310
0 14 0 0 4102
1 26 0 0 4358
0 28 0 1 2822
0 19 0 1 4614
1 12 0 1 6662
0 13 0 2 2310
0 28 0 3 6
0 18 0 3 1798
2 3 0 3 2054
1 10 0 3 2822
0 16 0 3 4870
0 26 0 3 7686
0 29 0 4 1542
0 23 0 4 2310
1 7 0 4 3334
0 22 0 4 4358
0 29 0 4 7174
1 28 0 4 7430
0 25 0 5 6
0 11 0 5 1030
0 27 0 5 2054
0 29 0 5 3846
1 15 0 5 5894
0 26 0 5 6918
0 27 0 5 7686
1 21 0 6 1542
0 18 0 6 3590
1 4 0 6 4358
0 21 0 6 5382
0 25 0 6 7430
0 28 0 7 262
0 29 0 7 1030
1 21 0 7 1286
0 24 0 7 5126
0 23 0 7 5894
1 27 0 7 6150
0 25 0 0 2567
0 29 0 0 4615
2 2 0 0 5639
0 23 0 0 6407
1 19 0 0 6663
2 2 0 1 263
1 3 0 1 1287
0 18 0 1 3079
0 16 0 1 5127
0 15 0 1 6151
1 9 0 1 7175
0 26 0 1 7943
0 16 0 2 1799
0 26 0 2 2823
0 12 0 2 5639
0 28 0 3 2311
0 23 0 3 3335
1 10 0 3 4359
0 19 0 3 5127
2 3 0 3 5383
1 1 0 3 6151
0 16 0 3 7175
0 29 0 4 7
1 25 0 4 1799
0 26 0 4 5639
1 24 0 4 6663
0 29 0 5 519
1 24 0 5 1543
0 28 0 5 2311
2 1 0 5 2567
1 24 0 5 3335
0 18 0 5 6151
1 24 0 5 6407
0 17 0 6 2823
1 11 0 6 3847
0 27 0 6 4871
0 27 0 6 5895
0 20 0 6 7687
1 15 0 6 7943
0 27 0 7 1543
0 23 0 7 5383
1 17 0 7 6407
0 20 0 7 7431
2 2 0 0 264
0 25 0 0 1032
0 20 0 0 2056
0 26 0 0 3080
0 24 0 1 3592
0 21 0 1 4616
1 11 0 2 264
0 19 0 2 1288
0 19 0 2 6152
2 2 0 2 7176
1 18 0 2 7944
0 23 0 3 3592
0 25 0 3 4616
0 14 0 3 5640
1 10 0 3 6664
0 29 0 3 7432
1 27 0 3 7688
0 15 0 4 3336
0 23 0 4 5128
2 1 0 4 7176
0 13 0 5 776
0 23 0 5 1800
0 29 0 5 4616
1 22 0 5 5640
0 17 0 5 7688
0 20 0 6 520
0 22 0 6 1288
1 27 0 6 1544
0 22 0 6 6152
0 28 0 7 8
1 11 0 7 1032
0 27 0 7 2056
0 22 0 7 2824
0 9 0 7 7688
1 24 0 7 7944
0 16 0 0 2569
0 10 0 0 3337
1 11 0 0 3593
0 18 0 0 4361
0 18 0 0 7433
0 12 0 1 3081
0 23 0 2 521
1 24 0 2 777
0 23 0 2 7433
0 16 0 3 265
0 26 0 3 2057
1 1 0 3 3081
0 24 0 3 5897
1 8 0 3 6153
0 26 0 3 7945
0 29 0 4 2569
1 27 0 4 3593
0 19 0 4 4617
0 18 0 4 5641
0 18 0 4 7433
0 13 0 5 1289
0 23 0 5 2313
0 26 0 5 3081
1 22 0 5 4105
0 23 0 5 5129
0 16 0 6 777
0 27 0 6 2825
0 29 0 6 3849
0 19 0 6 4617
1 27 0 6 4873
0 25 0 6 6665
0 14 0 7 1289
2 1 0 7 2313
1 15 0 7 3337
0 17 0 7 6153
0 26 0 7 7177
0 17 0 0 1802
0 15 0 0 2826
0 21 0 0 4874
0 11 0 0 5898
0 19 0 0 7690
0 10 0 1 522
0 16 0 1 1546
0 23 0 1 2314
1 16 0 1 2570
0 22 0 1 3338
0 23 0 1 4362
0 27 0 1 5386
0 21 0 1 6410
1 22 0 1 7434
0 21 0 2 10
0 24 0 2 1034
0 25 0 2 3850
1 13 0 2 4106
0 24 0 2 4874
0 12 0 2 5898
0 22 0 2 6922
0 19 0 3 3594
0 21 0 3 7434
0 25 0 4 1034
0 24 0 4 4106
0 13 0 4 5898
1 11 0 4 6154
0 22 0 4 7946
0 20 0 5 778
0 10 0 5 1802
0 14 0 5 2570
1 15 0 5 5642
0 25 0 5 7434
0 26 0 6 2314
1 8 0 7 10
0 22 0 7 1802
0 16 0 7 4618
0 13 0 0 1291
0 28 0 0 2315
0 18 0 0 5131
1 17 0 0 5387
0 11 0 0 7179
0 7 0 1 11
0 20 0 1 1035
1 2 0 1 2827
0 21 0 1 5643
1 23 0 1 5899
0 29 0 1 7691
0 22 0 2 523
2 1 0 2 2571
1 0 0 2 4363
0 9 0 3 11
0 14 0 3 1035
0 23 0 3 3083
0 25 0 3 3851
0 11 0 3 4875
0 18 0 3 5899
0 28 0 3 7691
1 18 0 3 7947
0 23 0 4 523
0 22 0 4 1547
1 16 0 4 2571
0 22 0 4 4363
1 11 0 4 4619
0 15 0 4 5387
0 16 0 5 5899
0 19 0 5 7947
0 15 0 6 779
0 15 0 6 1547
1 16 0 6 1803
0 7 0 6 2571
0 15 0 6 4619
1 6 0 6 6411
1 18 0 7 2315
0 21 0 7 6923
1 9 0 7 7179
0 22 0 7 7947
1 25 0 0 780
0 29 0 0 2828
0 19 0 0 4620
0 21 0 0 5644
2 1 0 1 524
0 21 0 1 1292
0 18 0 1 5132
0 16 0 1 6156
0 16 0 2 780
0 16 0 2 2828
1 14 0 2 4876
1 20 1 2 5644
1 22 1 2 6156
1 22 1 2 6668
1 24 1 2 7180
1 26 1 3 12
1 28 1 3 1036
0 28 1 3 1548
0 3 1 3 3852
1 3 1 3 4620
0 17 1 3 5388
0 5 1 3 6156
1 27 0 3 6412
0 7 1 3 7180
0 8 1 3 7692
1 0 1 3 7948
0 10 1 4 524
1 0 0 4 1036
0 14 1 4 1804
0 26 1 4 2060
0 15 1 4 2828
0 21 1 4 5644
1 3 0 4 5900
1 1 1 4 6412
1 0 1 4 6924
0 25 1 4 7692
0 26 1 5 12
2 2 1 5 1292
1 15 0 5 1548
0 27 1 5 1804
0 26 1 5 2316
1 26 0 5 2572
0 29 1 5 2828
1 6 1 5 3852
0 2 1 5 4620
1 10 1 5 5132
1 9 1 5 5644
1 12 1 5 6156
1 10 1 5 6668
0 1 1 5 6924
2 3 1 5 7436
1 17 1 6 780
0 1 1 6 1036
1 16 1 6 1292
0 0 1 6 1548
1 17 1 6 1804
1 0 0 6 2060
0 17 0 6 2828
2 1 0 6 3084
1 14 0 6 3852
0 24 0 6 5900
0 29 0 6 6924
1 17 0 6 7692
0 29 0 7 1548
1 25 0 7 2572
0 21 0 7 3596
0 27 0 7 4364
1 17 0 7 5388
0 25 0 7 6412
0 26 0 0 13
1 28 0 0 1037
0 21 0 0 3085
0 14 0 0 6925
0 20 0 1 1549
1 25 0 1 1805
0 28 0 1 2573
1 25 0 1 4621
0 20 0 2 2061
1 18 0 2 4109
0 29 0 2 6157
0 29 0 2 6925
0 26 0 3 781
1 24 0 3 1805
0 29 0 3 2829
0 20 0 3 3597
1 25 0 3 7693
0 15 0 4 2317
0 12 0 4 4109
1 29 0 4 4365
0 17 0 4 6157
0 27 0 5 5645
0 24 0 6 269
1 14 0 6 1293
0 17 0 6 3341
0 28 0 6 5133
0 17 0 6 6157
0 23 0 6 7181
0 25 0 7 13
0 25 0 7 781
0 19 0 7 1805
0 24 0 7 4621
1 13 0 7 4877
0 17 0 7 5645
0 28 0 7 6669
0 23 0 0 270
1 9 0 0 526
0 24 0 0 1294
0 19 0 1 782
0 20 0 1 2830
0 18 0 1 5646
0 23 0 1 6670
1 26 0 2 270
0 18 0 2 2318
0 29 0 2 5134
0 26 0 3 1806
0 24 0 3 2830
0 21 0 3 3854
0 28 0 3 7694
0 25 0 4 270
1 14 0 4 1294
0 28 0 4 2318
0 26 0 4 5134
1 11 0 4 6158
0 10 0 5 1806
0 16 0 5 4622
0 18 0 5 5646
0 18 0 5 7694
0 22 0 6 1294
1 29 0 6 2318
0 20 0 6 7182
1 16 0 6 7950
0 29 0 7 782
0 12 0 7 1806
0 22 0 7 2830
0 10 0 7 3598
1 11 0 7 3854
0 24 0 7 4622
0 27 0 7 5646
0 23 0 0 1295
0 29 0 0 2319
0 14 0 0 3343
0 27 0 0 4111
1 12 0 0 4367
0 23 0 0 7183
0 29 0 1 1807
0 16 0 1 2831
0 27 0 1 5647
1 21 0 1 6671
0 11 0 1 7439
1 0 0 2 271
0 26 0 2 6159
0 15 0 3 1807
0 28 0 3 3599
1 10 0 3 3855
0 27 0 3 4623
0 17 0 3 5647
0 18 0 3 6671
1 29 0 3 7695
0 26 0 4 3343
0 28 0 4 5135
0 23 0 4 6159
1 8 0 4 7183
0 12 0 4 7951
0 29 0 5 1807
0 20 0 5 3599
0 17 0 5 5647
0 19 0 5 6671
0 24 0 5 7439
1 20 0 5 7695
0 13 0 6 1295
0 28 0 6 2319
0 24 0 6 4111
0 23 0 6 7183
0 19 0 6 7951
0 21 0 7 1807
0 13 0 7 7439
1 14 0 0 272
0 23 0 0 4112
0 25 0 0 5136
1 16 0 0 7184
1 19 0 1 16
0 29 0 1 784
0 29 0 1 4624
1 2 0 1 5648
0 23 0 1 6672
0 27 0 1 7440
1 24 0 1 7696
0 28 0 2 272
0 26 0 2 2320
1 23 0 2 3344
0 29 0 2 4112
0 25 0 2 7184
0 17 0 3 784
0 23 0 3 3600
0 28 0 3 4624
0 28 0 3 5648
0 27 0 4 272
0 19 0 4 2320
0 19 0 4 6160
1 4 0 4 6928
0 14 0 4 7952
0 16 0 5 2832
0 27 0 5 5648
0 24 0 6 272
0 27 0 6 1296
0 26 0 6 2320
0 20 0 6 3088
0 22 0 6 4112
0 14 0 6 5136
0 23 0 6 6160
0 18 0 6 6928
1 8 0 6 7184
0 24 0 6 7952
0 14 0 7 2832
0 11 0 7 4624
1 7 0 7 6672
0 27 0 7 7440
0 27 0 0 2321
0 15 0 0 3089
1 24 0 0 3345
0 26 0 0 5137
0 22 0 0 6929
1 13 0 1 785
0 16 0 1 2577
1 5 0 1 2833
0 26 0 1 5649
0 23 0 1 6673
1 6 0 1 7697
0 6 0 2 273
0 9 0 2 1297
0 13 0 2 2321
0 23 0 2 4113
0 14 0 2 5137
0 18 0 2 6161
0 4 0 2 6929
0 18 0 2 7953
0 16 0 3 785
0 13 0 3 1809
0 14 0 3 2577
0 24 0 3 3601
0 14 0 3 4625
2 3 0 3 4881
0 15 0 3 5649
0 12 0 3 6673
0 9 0 3 7441
0 15 0 4 273
0 25 0 4 1297
0 9 0 4 3089
0 18 0 4 4113
0 12 0 4 5137
0 9 0 4 6161
0 10 0 4 6929
0 5 0 4 7953
0 13 0 5 785
0 7 0 5 1809
0 7 0 5 2577
0 14 0 5 3601
1 16 0 5 3857
0 13 0 5 4625
0 15 0 5 5649
0 22 0 5 6673
1 25 0 5 7697
0 21 0 6 273
0 17 0 6 2321
0 7 0 6 3089
1 5 0 6 3345
0 16 0 6 4113
0 21 0 6 5137
0 17 0 6 6161
0 13 0 6 6929
1 9 0 6 7185
0 10 0 6 7953
0 12 0 7 785
0 8 0 7 1809
0 16 0 7 2577
0 11 0 7 3601
1 10 0 7 3857
0 10 0 7 5649
0 24 0 7 6673
0 8 0 7 7441
1 14 0 7 7697
0 7 0 0 274
0 26 0 0 1298
0 16 0 0 2322
0 15 0 0 3090
1 9 0 0 3346
0 15 0 0 4114
0 11 0 0 5138
0 23 0 0 6162
0 13 0 0 6930
0 22 0 0 7954
0 10 0 1 786
0 13 0 1 1810
0 10 0 1 2578
0 14 0 1 3602
1 9 0 1 3858
0 4 0 1 4626
0 15 0 1 5650
0 11 0 1 6418
0 11 0 1 7442
1 1 0 1 7698
0 19 0 2 274
0 14 0 2 1298
0 7 0 2 3090
1 9 0 2 3346
0 20 0 2 4114
0 13 0 2 5138
0 16 0 2 6162
0 12 0 2 6930
1 17 0 2 7186
0 14 0 2 7954
0 7 0 3 786
0 14 0 3 1810
1 4 0 3 2834
0 6 0 3 3602
0 13 0 3 4626
0 13 0 3 5650
0 13 0 3 6418
0 6 0 3 7442
0 15 0 4 274
0 13 0 4 1298
0 15 0 4 2322
0 7 0 4 3090
0 16 0 4 4114
0 17 0 4 5138
0 9 0 4 6162
0 3 0 4 6930
0 6 0 4 7954
1 7 0 5 18
0 13 0 5 1810
0 10 0 5 2578
0 5 0 5 3602
1 23 0 5 3858
0 12 0 5 4626
0 10 0 5 5650
0 22 0 5 6418
1 14 0 5 6674
0 11 0 5 7442
0 8 0 6 274
0 13 0 6 1298
0 19 0 6 2322
0 16 0 6 3090
1 12 0 6 3346
0 16 0 6 4114
0 9 0 6 5138
0 10 0 6 6162
0 29 0 6 6930
1 9 0 6 7186
0 10 0 6 7954
1 9 0 7 18
0 11 0 7 786
0 6 0 7 2578
0 9 0 7 3602
1 11 0 7 3858
0 22 0 7 4626
0 19 0 7 5650
0 7 0 7 6418
0 9 0 7 7442
0 10 0 0 275
0 18 0 0 1299
0 24 0 0 2323
0 21 0 0 3091
1 3 0 0 3347
0 23 0 0 5139
0 18 0 0 6163
0 17 0 0 6931
1 7 0 0 7187
0 9 0 0 7955
0 10 0 1 787
0 14 0 1 1811
0 15 0 1 2579
0 12 0 1 3603
1 14 0 1 3859
0 12 0 1 4627
0 18 0 1 5651
0 12 0 1 6419
0 9 0 1 7443
1 3 0 1 7699
0 11 0 2 275
0 8 0 2 2323
0 5 0 2 3091
0 21 0 2 5139
0 13 0 2 6163
0 16 0 2 6931
0 22 0 2 7955
0 14 0 3 787
0 13 0 3 1811
0 18 0 3 2579
1 16 0 3 2835
0 15 0 3 3603
0 7 0 3 4627
0 8 0 3 5651
0 13 0 3 6419
1 5 0 3 6675
0 8 0 3 7443
0 14 0 4 275
0 14 0 4 1299
0 7 0 4 2323
0 16 0 4 3091
0 18 0 4 4115
0 11 0 4 5139
2 3 0 4 5395
0 13 0 4 6163
0 10 0 4 6931
0 13 0 5 787
0 14 0 5 2579
0 17 0 5 3603
0 17 0 5 4627
0 7 0 5 5651
0 20 0 5 6419
1 16 0 5 6675
0 8 0 5 7443
1 7 0 5 7699
0 16 0 6 275
0 21 0 6 1299
0 9 0 6 2323
0 11 0 6 3091
0 12 0 6 4115
0 11 0 6 5139
0 18 0 6 6163
0 20 0 6 6931
1 15 0 6 7187
0 21 0 6 7955
1 19 0 7 19
0 15 0 7 787
0 5 0 7 1811
0 12 0 7 2579
0 1 1 7 3347
1 12 0 7 3859
2 0 1 7 4115
1 19 1 7 4371
2 3 0 7 4883
0 1 1 7 5907
2 2 1 7 7443
1 23 1 7 7955
1 25 1 0 276
2 3 0 0 532
1 29 1 0 2068
2 2 1 0 2580
1 3 0 0 3348
2 2 0 0 5396
0 4 1 0 5652
0 4 0 0 6164
2 3 0 0 6420
0 5 1 0 6932
1 6 0 1 20
0 3 0 1 788
0 7 0 1 1812
0 10 1 1 2068
1 0 1 1 2324
0 13 0 1 2836
0 12 1 1 3092
0 15 1 1 4116
1 19 0 1 4884
0 28 1 1 5908
0 18 1 1 6164
0 19 1 1 6676
1 0 1 1 6932
0 21 1 1 7188
1 1 1 1 7956
0 22 1 2 20
1 9 0 2 532
1 1 1 2 788
0 24 1 2 1044
1 5 0 2 1556
0 26 1 2 1812
1 2 1 2 2836
0 15 0 2 3348
1 3 1 2 3860
0 25 1 2 4884
1 4 0 2 5396
1 5 1 2 5652
0 5 1 2 5908
1 5 1 2 6676
0 3 1 2 6932
1 7 1 2 7700
1 5 0 3 1044
1 13 1 3 1556
0 1 1 3 1812
0 12 1 3 2068
1 15 1 3 2580
1 16 1 3 3604
1 10 0 3 3860
1 16 1 3 4628
0 5 0 3 5652
2 1 0 3 5908
0 9 0 3 6676
0 24 0 3 7700
0 15 0 4 532
0 6 0 4 1300
0 16 0 4 2324
0 27 0 4 3348
0 17 0 4 4372
0 14 0 4 5140
0 16 0 4 6164
1 18 0 4 6420
0 20 0 4 7188
0 16 0 5 20
0 20 0 5 1044
0 13 0 5 1812
0 12 0 5 2836
0 7 0 5 3860
0 19 0 5 4884
0 14 0 5 5652
1 22 0 5 5908
0 15 0 5 6676
0 21 0 5 7700
0 20 0 6 532
0 6 0 6 1300
0 23 0 6 2324
0 8 0 6 3348
0 17 0 6 4372
0 25 0 6 5396
0 25 0 6 6164
0 15 0 6 7188
0 11 0 7 20
0 13 0 7 1044
0 12 0 7 1812
0 10 0 7 2836
1 15 0 7 3092
0 16 0 7 3860
0 8 0 7 4884
0 11 0 7 5652
0 16 0 7 6676
1 14 0 7 6932
0 5 0 7 7700
0 16 0 0 533
0 9 0 0 1557
0 8 0 0 2325
1 15 0 0 2581
0 12 0 0 3349
1 13 0 0 3605
0 25 0 0 4373
0 14 0 0 6165
0 19 0 0 7189
1 13 0 0 7445
0 6 0 1 21
0 9 0 1 1045
0 19 0 1 2069
0 11 0 1 2837
0 20 0 1 3861
0 8 0 1 4885
0 15 0 1 5909
0 29 0 1 6677
1 24 0 1 6933
0 11 0 1 7701
1 19 0 1 7957
0 15 0 2 533
0 13 0 2 1557
0 10 0 2 2581
0 16 0 2 3349
0 9 0 2 4373
1 17 0 2 4629
0 21 0 2 5397
0 17 0 2 6421
0 20 0 2 7189
1 16 0 2 7445
0 28 0 3 21
1 19 0 3 277
0 12 0 3 1045
0 18 0 3 2069
0 20 0 3 3093
0 25 0 3 3861
0 17 0 3 4885
0 13 0 3 5909
0 10 0 3 6933
0 10 0 3 7701
1 7 0 3 7957
0 11 0 4 533
0 21 0 4 1557
0 22 0 4 2581
0 9 0 4 3349
0 16 0 4 4373
0 8 0 4 5397
0 10 0 4 6421
0 13 0 4 7189
1 10 0 4 7445
0 7 0 5 21
1 9 0 5 277
0 18 0 5 1045
0 18 0 5 2069
0 24 0 5 2837
1 14 0 5 3093
0 7 0 5 3861
1 15 0 5 4117
0 15 0 5 5909
0 21 0 5 6933
0 19 0 5 7701
0 8 0 6 533
0 17 0 6 1557
0 7 0 6 3349
1 11 0 6 3605
0 13 0 6 4373
1 14 0 6 4629
0 19 0 6 5397
0 27 0 6 6421
0 5 0 6 7189
0 12 0 7 21
1 12 0 7 277
0 6 0 7 1045
1 20 0 7 1301
0 5 0 7 2069
0 10 0 7 2837
1 3 0 7 3093
0 22 0 7 3861
1 12 0 7 4117
0 28 0 7 4885
0 16 0 7 5909
0 21 0 7 6933
0 17 0 7 7701
1 19 0 7 7957
0 13 0 0 534
0 4 0 0 2582
1 15 0 0 3606
0 6 0 0 4374
0 13 0 0 5398
0 23 0 0 6422
0 25 0 0 7190
1 3 0 0 7446
0 13 0 1 1046
0 12 0 1 2070
0 16 0 1 2838
0 10 0 1 3862
1 20 0 1 4118
0 12 0 1 4886
0 27 0 1 5910
0 25 0 1 6934
0 3 0 1 7702
1 23 0 1 7958
0 6 0 2 534
0 13 0 2 1558
0 28 0 2 2582
0 6 0 2 3350
0 9 0 2 4374
0 14 0 2 5398
0 10 0 2 6422
0 13 0 2 7190
0 20 0 3 22
2 3 0 3 278
0 18 0 3 1046
2 3 0 3 1302
0 27 0 3 2070
0 10 0 3 2838
0 13 0 3 3862
1 18 0 3 4118
0 10 0 3 4886
0 8 0 3 6678
0 15 0 3 7702
1 11 0 3 7958
0 13 0 4 534
0 11 0 4 1558
0 18 0 4 2582
0 11 0 4 3350
1 4 0 4 3606
0 11 0 4 4374
0 21 0 4 5398
0 13 0 4 6422
0 11 0 5 22
1 16 0 5 278
0 12 0 5 1046
0 19 0 5 2070
0 8 0 5 2838
0 12 0 5 3862
1 14 0 5 4118
0 19 0 5 4886
0 14 0 5 5910
0 18 0 5 6678
1 6 0 5 6934
0 10 0 5 7702
1 16 0 5 7958
0 20 0 6 534
0 6 0 6 1558
0 18 0 6 2582
0 13 0 6 3350
2 3 0 6 3606
0 10 0 6 4374
0 11 0 6 6422
0 23 0 6 7190
1 3 0 6 7446
0 23 0 7 22
0 13 0 7 1046
0 11 0 7 2070
0 11 0 7 2838
0 8 0 7 3862
0 18 0 7 4886
0 17 0 7 5910
0 14 0 7 6678
1 21 0 7 6934
0 15 0 7 7702
0 7 0 0 535
0 12 0 0 1559
0 9 0 0 2583
0 12 0 0 3351
1 26 0 0 3607
0 5 0 0 4375
0 11 0 0 5399
0 11 0 0 6423
0 12 0 0 7191
1 6 0 0 7447
0 17 0 1 23
0 9 0 1 1047
0 8 0 1 2071
0 12 0 1 2839
0 21 0 1 3863
0 21 0 1 5911
0 14 0 1 6679
1 11 0 1 6935
0 8 0 1 7703
1 12 0 1 7959
0 18 0 2 535
0 11 0 2 1559
0 14 0 2 2583
0 14 0 2 3351
0 12 0 2 4375
0 14 0 2 5399
0 8 0 2 6423
0 19 0 2 7191
1 12 0 2 7447
0 15 0 3 23
2 3 0 3 279
1 4 0 3 1047
0 14 0 3 2071
0 13 0 3 2839
0 19 0 3 3863
0 16 0 3 4887
0 6 0 3 5911
0 9 0 3 6679
0 8 0 3 7703
1 20 0 3 7959
0 12 0 4 535
0 12 0 4 1559
0 7 0 4 2583
0 10 0 4 3351
1 8 0 4 3607
0 8 0 4 4375
1 12 0 4 4631
0 9 0 4 5399
0 12 0 4 6423
0 16 0 4 7191
1 17 0 4 7447
0 8 0 5 23
0 14 0 5 1047
0 17 0 5 2071
0 26 0 5 2839
0 13 0 5 4887
0 26 0 5 5911
0 22 0 5 6679
1 0 0 5 6935
0 9 0 5 7703
1 10 0 5 7959
0 23 0 6 535
0 9 0 6 1559
0 14 0 6 2583
0 13 0 6 3351
0 6 0 6 4375
0 12 0 6 5399
2 2 0 6 5655
0 16 0 6 6423
0 7 0 6 7191
0 11 0 7 23
0 16 0 7 1047
0 12 0 7 2071
0 15 0 7 2839
0 10 0 7 3863
0 10 0 7 4887
0 16 0 7 5911
0 20 0 7 6679
1 6 0 7 6935
0 21 0 7 7703
0 10 0 0 536
0 10 0 0 1560
0 9 0 0 2584
0 10 0 0 5400
0 14 0 0 6424
0 9 0 0 7192
1 23 0 0 7448
0 12 0 1 24
0 14 0 1 1048
0 3 0 1 2072
0 15 0 1 2840
1 1 0 1 3096
0 6 0 1 3864
2 3 0 1 4120
0 17 0 1 4888
0 23 0 1 5912
0 8 0 1 6680
0 19 0 1 7704
0 6 0 2 536
0 12 0 2 1560
0 19 0 2 2584
0 8 0 2 3352
0 12 0 2 4376
0 8 0 2 5400
0 21 0 2 6424
0 11 0 2 7192
1 20 0 2 7448
0 22 0 3 24
0 16 0 3 1048
0 15 0 3 2072
0 10 0 3 2840
0 17 0 3 3864
0 11 0 3 4888
0 8 0 3 5912
0 8 0 3 6680
0 16 0 3 7704
1 8 0 3 7960
0 17 0 4 536
0 6 0 4 1560
0 6 0 4 2584
0 15 0 4 3352
0 22 0 4 4376
0 9 0 4 5400
0 22 0 4 6424
0 12 0 4 7192
1 5 0 4 7448
0 12 0 5 1048
0 24 0 5 2072
0 13 0 5 2840
1 8 0 5 3096
0 13 0 5 3864
0 13 0 5 4888
0 14 0 5 5912
0 13 0 5 6680
0 13 0 5 7704
1 10 0 5 7960
0 19 0 6 536
0 16 0 6 2328
1 6 0 6 2584
0 7 0 6 3352
0 16 0 6 4376
0 5 0 6 6424
0 17 0 6 7192
0 22 0 7 24
0 8 0 7 1048
2 2 0 7 1304
0 11 0 7 2072
0 22 0 7 2840
1 8 0 7 3096
0 11 0 7 3864
0 9 0 7 4888
0 13 0 7 5912
0 16 0 7 6680
0 16 0 7 7704
0 5 0 0 537
0 8 0 0 1561
0 12 0 0 2329
0 9 0 0 3353
1 7 0 0 3609
0 3 0 0 4377
0 15 0 0 5401
0 20 0 0 6425
0 15 0 0 7193
0 14 0 1 25
0 25 0 1 1049
0 5 0 1 2073
0 28 0 1 3865
0 18 0 1 4889
0 16 0 1 5913
0 12 0 1 6681
1 2 0 1 6937
0 6 0 1 7705
1 3 0 1 7961
0 17 0 2 537
0 9 0 2 1561
0 11 0 2 2329
0 13 0 2 3353
1 8 0 2 3609
0 11 0 2 4377
0 8 0 2 5401
0 26 0 2 6425
0 4 0 2 7193
1 11 0 2 7449
0 19 0 3 25
0 14 0 3 1049
0 5 0 3 2073
0 25 0 3 2841
1 9 0 3 3097
0 10 0 3 3865
0 6 0 3 4889
0 9 0 3 5913
0 12 0 3 6681
0 8 0 3 7705
0 7 0 4 537
0 10 0 4 1561
0 18 0 4 2329
1 7 0 4 2585
0 9 0 4 3353
1 8 0 4 3609
0 9 0 4 4377
0 14 0 4 5401
0 16 0 4 6425
0 16 0 4 7193
1 14 0 4 7449
0 18 0 5 25
0 17 0 5 1049
0 20 0 5 2073
0 8 0 5 2841
0 26 0 5 4889
0 11 0 5 5913
0 15 0 5 6681
0 13 0 5 7705
2 3 0 5 7961
0 9 0 6 537
0 11 0 6 1561
0 8 0 6 2329
0 15 0 6 3353
0 23 0 6 4377
0 15 0 6 5401
0 7 0 6 6169
0 10 0 6 7193
1 6 0 7 281
0 8 0 7 1049
0 4 0 7 2073
0 24 0 7 2841
1 14 0 7 3097
0 12 0 7 3865
0 15 0 7 4889
0 12 0 7 5913
0 17 0 7 6681
0 9 0 7 7705
1 14 0 7 7961
0 5 0 0 538
0 13 0 0 3354
1 20 0 0 3610
0 12 0 0 4378
0 14 0 0 5402
0 19 0 0 6426
0 6 0 0 7194
0 23 0 1 26
0 7 0 1 1050
0 18 0 1 2074
0 9 0 1 2842
1 4 0 1 3098
0 19 0 1 3866
0 14 0 1 4890
0 9 0 1 5914
0 21 0 1 6682
1 6 0 1 6938
0 15 0 1 7706
0 12 0 2 538
0 22 0 2 1562
0 14 0 2 2330
1 16 0 2 2586
0 24 0 2 3354
0 6 0 2 4378
0 16 0 2 5402
0 13 0 2 6170
1 7 0 2 6426
0 14 0 2 7194
0 12 0 3 26
0 10 0 3 1050
0 28 0 3 2074
0 20 0 3 2842
1 2 0 3 3098
0 9 0 3 3866
1 7 0 3 4122
0 18 0 3 5914
0 21 0 3 6682
1 2 0 3 6938
0 8 0 3 7706
1 14 0 3 7962
0 12 0 4 538
0 12 0 4 2330
0 10 0 4 4378
0 22 0 4 5402
0 28 0 4 6426
0 22 0 4 7194
1 17 0 4 7450
0 15 0 5 26
0 9 0 5 1050
0 17 0 5 2074
0 9 0 5 2842
1 12 0 5 3098
0 23 0 5 3866
0 12 0 5 4890
0 13 0 5 5914
0 10 0 5 6682
1 6 0 5 6938
0 12 0 5 7706
0 12 0 6 1562
0 12 0 6 2330
1 4 0 6 2586
0 4 0 6 3354
1 8 0 6 3610
0 5 0 6 4378
0 7 0 6 5402
0 7 0 6 6170
0 6 0 6 7194
0 6 0 7 26
0 12 0 7 1050
0 9 0 7 2074
0 21 0 7 2842
0 10 0 7 4890
0 11 0 7 6682
1 21 0 7 6938
0 22 0 7 7706
0 10 0 0 539
0 29 0 0 1563
0 20 0 0 2331
1 5 0 0 2587
0 11 0 0 3355
0 10 0 0 4379
0 7 0 0 5403
0 4 0 0 6171
0 10 0 0 7195
0 11 0 1 27
0 14 0 1 1051
0 16 0 1 2075
0 11 0 1 2843
1 5 0 1 3099
0 11 0 1 3867
0 13 0 1 4891
0 16 0 1 5915
0 21 0 1 6683
0 5 0 1 7707
0 12 0 2 539
0 23 0 2 1563
0 15 0 2 2331
0 17 0 2 3355
1 5 0 2 3611
0 15 0 2 4379
0 10 0 2 5403
0 7 0 2 6171
0 29 0 2 7195
0 11 0 3 27
0 11 0 3 1051
0 15 0 3 2075
0 25 0 3 2843
0 11 0 3 3867
0 4 0 3 4891
0 7 0 3 5915
0 17 0 3 6683
1 1 0 3 6939
0 11 0 3 7707
0 11 0 4 539
0 7 0 4 1563
0 21 0 4 2331
1 7 0 4 2587
0 16 0 4 3355
0 23 0 4 4379
0 9 0 4 5403
0 5 0 4 6171
0 8 0 4 7195
1 15 0 4 7451
0 4 0 5 27
0 15 0 5 1051
0 17 0 5 2075
0 14 0 5 2843
1 12 0 5 3099
0 21 0 5 3867
0 13 0 5 4891
0 10 0 5 5915
0 16 0 5 6683
1 7 0 5 6939
0 8 0 5 7707
0 12 0 6 539
0 17 0 6 1563
0 17 0 6 2331
1 1 0 6 2587
0 11 0 6 3355
0 19 0 6 4379
0 13 0 6 5403
0 12 0 6 6171
0 8 0 6 7195
0 20 0 7 27
0 17 0 7 1051
0 18 0 7 2075
0 4 0 7 2843
1 5 0 7 3099
0 13 0 7 3867
0 9 0 7 4891
0 18 0 7 5915
0 6 0 7 6683
0 12 0 7 7707
0 16 0 0 540
0 17 0 0 1564
0 10 0 0 2332
0 9 0 0 3356
0 20 0 0 4380
0 1 1 0 4892
1 20 1 0 5404
2 0 1 0 5660
1 20 1 0 5916
2 1 1 0 7196
1 23 1 1 540
1 25 1 1 1052
2 1 1 1 1308
2 1 1 1 2332
1 28 1 1 3356
1 29 1 1 3868
0 3 1 1 4636
1 14 0 1 5148
0 4 1 1 7452
0 5 1 2 284
1 5 0 2 796
0 6 1 2 1052
1 0 1 2 1308
0 9 1 2 2332
1 12 0 2 5660
0 17 1 2 6940
0 24 1 2 7708
0 3 0 3 284
0 19 1 3 540
1 0 1 3 1052
0 23 1 3 1564
0 24 1 3 2588
0 25 1 3 3612
0 3 0 3 4124
1 2 1 3 4380
1 6 0 3 5148
1 3 1 3 5404
0 26 1 3 5660
1 9 0 3 6172
1 5 1 3 6428
0 6 1 3 6684
0 4 1 4 284
1 9 1 4 1308
1 11 1 4 2076
0 0 0 4 2332
1 8 0 4 2844
1 12 1 4 3612
0 1 1 4 4124
2 0 1 4 5148
1 16 1 4 5404
0 10 0 4 5660
1 17 1 4 6428
1 5 0 4 6684
1 17 1 4 7196
0 18 0 4 7452
0 18 0 5 1308
0 13 0 5 2076
1 23 0 5 2332
0 18 0 5 3100
1 22 0 5 3356
0 8 0 5 4124
0 15 0 5 5148
0 12 0 5 6172
0 12 0 5 6940
1 18 0 5 7196
0 10 0 5 7964
0 14 0 6 796
0 15 0 6 1820
0 8 0 6 2588
0 10 0 6 3612
1 26 0 6 3868
0 5 0 6 4636
0 8 0 6 5660
0 7 0 6 6684
0 15 0 6 7452
1 17 0 6 7708
0 15 0 7 284
0 24 0 7 1308
0 13 0 7 2332
1 4 0 7 3356
0 19 0 7 4124
0 18 0 7 5148
0 16 0 7 7196
0 13 0 7 7964
0 12 0 0 797
0 21 0 0 1821
0 12 0 0 2845
0 6 0 0 3613
0 7 0 0 4637
1 10 0 0 4893
0 23 0 0 5661
0 20 0 0 6685
0 19 0 0 7709
0 12 0 1 285
0 17 0 1 1309
0 9 0 1 2333
0 8 0 1 3357
0 15 0 1 4125
1 14 0 1 4381
0 21 0 1 5149
0 14 0 1 6173
0 8 0 1 7197
0 19 0 1 7965
1 18 0 2 29
0 23 0 2 797
1 14 0 2 1053
0 12 0 2 1821
0 8 0 2 3869
0 15 0 2 4637
1 22 0 2 4893
0 16 0 2 7709
0 14 0 3 285
1 19 0 3 541
0 16 0 3 1309
1 20 0 3 1565
0 27 0 3 2333
0 24 0 3 4381
0 16 0 3 5149
0 10 0 3 6173
0 16 0 3 7197
0 14 0 4 29
0 22 0 4 797
1 19 0 4 1053
0 25 0 4 1821
0 16 0 4 2845
0 13 0 4 3869
0 11 0 4 4893
0 7 0 4 6685
0 9 0 4 7709
0 4 0 5 541
0 21 0 5 1309
0 24 0 5 2333
0 12 0 5 3357
0 21 0 5 4381
0 11 0 5 5149
0 20 0 5 6173
0 13 0 5 7197
0 13 0 6 29
0 8 0 6 797
0 16 0 6 1821
0 7 0 6 2845
2 3 0 6 3101
0 28 0 6 3869
0 8 0 6 4637
0 19 0 6 5661
0 11 0 6 6685
0 15 0 6 7709
0 15 0 7 541
0 9 0 7 1309
0 5 0 7 2333
1 18 0 7 2589
0 21 0 7 3357
0 15 0 7 4381
0 10 0 7 5149
0 14 0 7 6173
0 16 0 7 7197
0 9 0 0 30
0 16 0 0 798
0 14 0 0 1822
0 17 0 0 2846
0 10 0 0 3870
0 21 0 0 4638
1 3 0 0 4894
0 15 0 0 5662
0 16 0 0 6686
0 23 0 0 7710
0 12 0 1 542
0 12 0 1 1310
0 9 0 1 2334
0 7 0 1 3358
0 12 0 1 4382
0 10 0 1 5150
0 15 0 1 6174
0 9 0 1 7198
0 9 0 2 30
0 11 0 2 798
0 6 0 2 1822
1 9 0 2 2078
0 12 0 2 2846
0 14 0 2 3870
0 14 0 2 4638
1 15 0 2 4894
1 8 0 2 5918
0 15 0 2 6686
0 16 0 2 7710
0 11 0 3 542
0 17 0 3 1310
1 16 0 3 1566
0 9 0 3 2334
1 14 0 3 2590
0 7 0 3 3358
0 5 0 3 4382
0 13 0 3 5150
1 23 0 3 5406
0 10 0 3 6174
0 23 0 3 7198
0 6 0 4 30
0 10 0 4 798
0 18 0 4 1822
0 7 0 4 2846
0 10 0 4 3870
0 19 0 4 4638
1 13 0 4 4894
0 20 0 4 5662
0 14 0 4 6686
0 26 0 5 542
0 12 0 5 1310
0 11 0 5 2334
1 20 0 5 2590
0 9 0 5 3358
0 6 0 5 4382
0 9 0 5 5150
1 17 0 5 5406
0 20 0 5 6174
0 12 0 5 7198
0 20 0 6 30
0 8 0 6 798
0 8 0 6 1822
0 6 0 6 2846
0 15 0 6 3870
0 15 0 6 4638
0 13 0 6 5662
1 14 0 6 5918
0 15 0 6 6686
0 5 0 6 7710
0 10 0 7 542
0 8 0 7 1310
0 14 0 7 2334
0 21 0 7 3358
