1 16 0 6 4865
0 16 0 7 2305
0 22 0 7 4097
1 14 0 7 6145
1 19 1 0 2306
1 21 0 0 3842
0 9 0 0 5634
0 15 0 1 1282
0 27 0 1 3330
0 18 0 1 5122
0 20 0 1 7170
0 29 1 2 2818
0 24 0 2 6658
0 23 0 3 4098
0 28 0 3 7938
0 24 0 4 3586
0 29 0 4 7426
0 17 0 6 770
1 9 1 6 3074
0 27 0 6 4610
0 8 0 7 6146
1 3 0 7 7938
1 14 1 0 259
0 22 0 0 1795
1 16 0 0 5635
0 29 0 0 7427
1 11 0 1 5123
0 19 0 1 6915
1 20 0 1 7171
0 21 0 2 771
0 5 1 2 1027
1 1 1 2 1539
0 23 0 2 4611
0 21 0 2 6403
1 11 0 2 6659
0 29 0 3 259
1 17 0 3 2307
0 28 0 3 4099
0 25 0 3 7939
0 17 0 4 1539
1 20 0 4 3587
0 21 0 4 5635
0 20 0 4 7427
0 19 0 5 1283
0 20 0 5 6915
1 1 0 6 771
0 4 1 6 2563
0 23 0 6 6403
1 25 0 6 6659
0 1 1 2 7445
1 19 1 2 7957
1 20 1 3 533
0 1 1 3 1045
1 20 1 3 1557
1 21 1 3 2325
1 22 1 3 3349
1 23 1 3 4117
2 1 1 3 4373
1 25 1 3 5909
1 26 1 3 6677
1 27 1 3 7701
1 28 1 4 277
0 2 1 4 533
0 1 1 4 1301
2 3 1 4 2069
1 3 1 4 6165
0 4 1 4 6421
1 1 1 5 533
0 10 1 5 1045
1 2 1 5 1557
0 6 1 5 1813
0 7 1 5 2581
0 8 1 5 3605
0 9 1 5 4373
1 1 1 5 4885
0 10 1 5 5141
0 11 1 5 6165
0 12 1 5 6933
0 14 1 5 7701
0 14 1 6 533
0 15 1 6 1301
0 17 1 6 3093
1 1 1 6 3349
0 18 1 6 3861
0 19 1 6 4629
0 20 1 6 5653
0 21 1 6 6421
1 1 1 6 6677
0 22 1 6 7189
0 24 1 7 789
0 25 1 7 1557
0 26 1 7 2581
0 26 1 7 3349
0 27 1 7 4117
1 3 1 7 4373
0 27 1 7 5141
0 29 1 7 5909
0 26 1 7 6677
1 4 1 7 6933
1 5 1 7 7701
0 6 1 0 278
0 5 1 0 1046
1 7 1 0 1302
1 7 1 0 2070
1 6 1 0 2838
1 10 1 0 3862
2 0 1 0 4374
1 12 1 0 5654
0 2 1 0 6166
1 10 1 0 6422
1 14 1 0 7446
1 13 1 1 22
0 0 1 1 534
1 16 1 1 790
2 1 1 1 1302
1 15 1 1 1814
1 16 1 1 2582
0 1 1 1 3094
1 17 1 1 4374
12 23 1 4 2842
