0 24 0 0 4610
0 16 0 0 7426
1 27 0 0 7682
0 22 0 1 4098
1 28 0 1 5122
0 15 0 1 7170
0 15 0 2 770
1 23 0 2 1026
0 27 0 2 1794
0 18 0 2 2818
0 20 0 2 3842
1 19 0 2 4866
0 15 0 2 5634
0 24 0 3 514
0 23 0 3 3330
0 28 0 4 1794
1 24 0 4 2050
0 24 0 4 5890
1 6 0 4 6658
0 10 0 4 7682
1 17 0 4 7938
0 27 0 5 514
0 8 0 5 5378
1 6 0 5 6402
0 21 0 5 7170
1 14 0 6 2050
0 22 0 6 5890
1 10 0 6 6914
0 19 0 6 7938
0 21 0 7 514
1 12 0 7 770
0 19 0 7 1538
0 23 0 7 3586
0 22 0 7 4610
0 29 0 7 5378
2 2 0 0 259
0 26 0 0 1027
1 21 0 0 1283
0 21 0 0 5123
0 23 0 0 5891
2 2 0 0 6147
0 19 0 0 6915
0 20 0 1 1795
1 9 0 1 3587
0 17 0 1 4611
0 17 0 1 5635
0 25 0 1 6403
1 22 0 1 6659
0 23 0 1 7427
1 22 0 2 1283
0 14 0 2 3075
1 15 0 2 3331
0 11 0 3 771
0 23 0 3 3843
1 0 0 3 4611
0 25 0 3 5635
2 3 0 4 515
0 23 0 4 1283
0 21 0 4 2307
0 24 0 4 4355
0 29 0 4 5123
1 23 0 4 5379
0 22 0 5 1027
1 12 0 5 1795
0 19 0 5 2819
1 15 0 5 3843
0 14 0 6 2307
0 27 0 6 6403
1 20 0 6 7171
0 28 0 7 3
0 25 0 7 2051
0 20 0 7 6915
0 18 0 7 7939
0 26 0 0 516
0 20 0 0 1540
0 25 0 0 3588
1 13 0 0 4612
0 27 0 0 5380
1 6 0 0 6404
2 0 0 0 7428
0 25 0 1 260
0 20 0 1 2052
1 21 0 1 3076
0 12 0 1 4100
0 25 0 1 5124
0 18 0 1 6916
0 24 0 1 7940
1 13 0 2 772
0 28 0 2 2564
1 28 0 2 3588
0 18 0 2 5636
0 29 0 2 6404
1 10 0 2 6660
0 27 0 3 260
0 27 0 3 1284
1 17 0 3 2308
0 18 0 3 5124
0 15 0 3 6148
0 19 0 4 3588
1 10 0 4 3844
0 25 0 4 4612
0 16 0 4 5636
0 12 0 4 6660
0 24 0 4 7684
0 26 0 5 260
0 8 0 5 6148
1 12 0 5 6404
0 29 0 5 7172
1 21 0 6 4
0 24 0 6 2820
0 27 0 6 3844
1 24 0 6 4868
0 16 0 6 5636
1 13 0 6 5892
0 20 0 6 6660
0 15 0 7 1540
1 8 0 7 2308
2 3 0 7 2564
1 12 0 7 4356
0 28 0 0 5
1 7 0 0 1029
0 24 0 0 2053
1 27 0 0 3077
0 21 0 0 3845
0 29 0 1 517
0 12 0 1 3589
0 22 0 1 4357
1 18 0 1 4613
0 28 0 1 5381
1 27 0 1 6405
0 28 0 2 261
0 15 0 2 1029
1 23 0 2 1285
0 22 0 2 2053
1 15 0 2 4101
0 17 0 2 5125
0 28 0 2 5893
0 21 0 2 6917
1 11 0 2 7941
0 29 0 3 773
0 19 0 3 2565
0 13 0 3 6405
1 19 0 3 6661
0 29 0 4 1285
1 10 0 4 2309
0 18 0 4 5125
0 26 0 4 7941
0 22 0 5 773
0 15 0 5 1797
0 26 0 5 2821
0 27 0 5 4613
0 14 0 5 5637
0 21 0 5 7685
0 12 0 6 4357
0 29 0 6 5125
0 21 0 6 7173
1 15 0 7 5
0 24 0 7 4869
0 26 0 0 518
0 25 0 0 3334
0 29 0 0 4358
2 1 0 0 5382
0 24 0 0 6406
1 9 0 0 7174
0 12 0 1 6
0 27 0 1 2054
0 28 0 1 2822
1 23 0 1 3078
0 15 0 1 5894
0 21 0 1 7686
1 11 0 1 7942
0 10 0 2 518
1 21 0 2 774
0 26 0 2 2566
1 16 0 2 3590
0 17 0 2 4358
1 25 0 2 4614
0 24 0 2 5382
0 28 0 2 6406
0 29 0 2 7430
0 17 0 3 262
0 5 0 3 1030
0 27 0 3 2054
0 21 0 3 3078
1 17 0 3 4102
0 23 0 3 5894
0 15 0 4 1542
1 9 0 4 3590
0 27 0 4 4614
0 18 0 4 6406
1 22 0 4 6662
0 22 0 5 1286
1 26 0 5 2310
0 27 0 5 4102
0 18 0 5 6918
0 20 0 6 1798
0 22 0 6 2822
0 22 0 6 5638
0 21 0 7 1286
0 16 0 7 7174
0 23 0 0 7
1 23 0 0 1031
2 2 0 0 1799
1 19 0 0 2823
0 27 0 0 3847
0 19 0 0 5639
1 7 0 0 5895
0 20 0 0 7687
0 22 0 1 519
0 21 0 1 1543
0 25 0 1 2311
2 2 0 1 2567
1 4 0 1 3335
0 17 0 1 4359
0 22 0 1 7175
2 1 0 2 7
0 26 0 2 1031
0 27 0 2 3847
0 12 0 2 4871
0 23 0 2 5895
0 15 0 2 6919
2 1 0 2 7687
1 15 0 3 519
0 25 0 3 1543
0 19 0 3 2567
1 29 0 3 3591
2 3 0 3 6407
0 15 0 3 7431
0 23 0 4 1031
0 15 0 4 2055
0 18 0 5 775
0 19 0 5 1543
1 12 0 5 1799
2 0 0 5 2567
1 10 0 5 3591
2 3 0 5 4615
1 6 0 5 5383
0 13 0 6 2055
2 3 0 6 2311
1 8 0 6 3079
0 16 0 6 4103
1 14 0 6 6151
0 25 0 6 6919
0 22 0 6 7943
0 20 0 7 2567
0 25 0 7 5639
0 23 0 7 6663
0 19 0 0 1288
1 17 0 0 3336
0 21 0 0 6152
1 22 0 1 8
0 27 0 1 1800
1 10 0 1 2824
0 22 0 1 4616
1 25 0 1 4872
0 21 0 1 7688
0 13 0 3 8
0 20 0 3 1800
1 26 0 3 2056
0 27 0 3 2824
0 22 0 3 4872
1 22 0 3 6920
0 27 0 3 7688
0 29 0 4 520
0 25 0 4 2568
0 20 0 4 3336
1 14 0 4 3592
0 25 0 4 5384
0 24 0 5 8
0 22 0 5 4872
0 21 0 5 5896
0 22 0 5 7944
1 23 0 6 520
0 20 0 6 5384
1 19 0 6 6408
0 23 0 7 1032
1 11 0 7 1288
0 17 0 7 2056
0 19 0 7 4104
1 23 0 7 6152
0 24 0 7 6920
0 28 0 7 7944
0 17 0 0 1801
0 21 0 0 2569
1 20 0 0 2825
2 1 0 0 4617
1 19 0 0 5641
0 19 0 1 265
0 23 0 1 1289
0 18 0 1 2313
1 8 0 1 5129
0 21 0 2 777
0 25 0 2 4617
0 25 0 3 521
0 26 0 3 2313
0 20 0 3 3337
2 2 0 3 4361
1 9 0 3 5129
0 27 0 4 9
1 15 0 4 1033
1 7 0 4 1801
0 16 0 4 4873
0 8 0 4 5897
0 24 0 4 6665
1 17 0 4 6921
0 12 0 5 1545
0 26 0 5 5385
1 16 0 5 6409
0 29 0 5 7177
1 23 0 5 7433
0 14 0 6 1033
0 23 0 6 3081
0 18 0 6 3849
0 20 0 6 4873
0 28 0 6 5897
0 26 0 7 2569
0 23 0 7 6409
1 12 0 7 7433
0 29 0 0 266
0 24 0 0 2058
2 1 0 0 4106
1 11 0 0 5130
0 23 0 0 5898
1 20 0 0 6922
0 17 0 1 2570
0 20 0 1 3594
0 29 0 1 4618
0 16 0 1 5642
0 23 0 1 7434
0 11 0 2 266
0 19 0 2 1290
0 28 0 2 2314
0 28 0 2 3082
1 10 0 2 4106
0 26 0 2 5130
0 12 0 2 6154
0 27 0 3 778
1 7 0 3 1802
0 29 0 3 2826
0 12 0 3 3594
1 14 0 3 4618
0 25 0 3 6666
0 21 0 4 1290
0 29 0 4 4362
0 18 0 4 6154
0 22 0 5 10
0 28 0 5 1802
0 27 0 5 5642
1 19 0 5 5898
0 25 0 5 7690
0 29 0 6 2314
0 23 0 6 7178
0 14 0 7 10
0 17 0 7 2826
1 15 0 7 3082
0 24 0 7 3850
0 27 0 7 5898
0 20 0 7 6922
0 24 0 7 7690
1 19 0 7 7946
0 21 0 0 1547
0 25 0 0 4363
0 27 0 0 5387
0 23 0 1 267
0 18 0 1 2059
0 19 0 1 6923
0 26 0 2 779
0 22 0 2 2571
0 25 0 2 4619
0 25 0 3 267
0 24 0 3 6155
1 9 0 3 6923
0 25 0 4 779
0 26 0 4 2827
0 13 0 4 3595
1 16 0 4 3851
0 20 0 4 5643
0 24 0 4 6667
0 27 0 5 2315
0 16 0 5 3339
0 28 0 5 4107
1 19 0 5 4363
0 12 0 5 5131
1 25 0 5 7179
0 1 1 6 1035
1 19 1 6 1291
1 20 1 6 1803
2 1 1 6 2827
1 23 1 6 3595
1 15 0 6 3851
1 24 1 6 4107
1 25 1 6 4619
1 17 0 6 4875
1 27 1 6 5643
0 2 1 6 5899
1 28 1 6 6155
1 29 1 6 6667
2 3 1 6 7179
0 5 1 7 523
0 3 1 7 1547
0 26 0 7 2315
0 5 1 7 2827
0 6 1 7 3595
0 7 1 7 4107
0 8 1 7 4619
1 1 1 7 4875
1 16 0 7 5387
0 10 1 7 5643
0 10 0 7 7179
0 14 1 7 7691
0 10 0 0 12
0 17 1 0 1036
0 18 1 0 1548
0 21 1 0 2060
0 22 1 0 3340
0 23 1 0 3852
0 24 1 0 4364
0 25 1 0 5388
0 27 1 0 5900
1 3 1 0 6412
2 3 1 0 6668
0 26 1 0 7692
0 0 0 1 524
1 7 1 1 1036
0 4 1 1 1292
1 16 0 1 1548
0 3 1 1 1804
1 8 1 1 2316
1 11 1 1 3340
1 11 1 1 3852
0 1 1 1 4108
0 1 1 1 4620
0 22 0 1 5388
1 17 1 1 6156
2 1 1 1 6412
1 17 1 1 6668
0 29 0 2 12
0 9 0 2 1036
0 21 0 2 7692
1 14 0 2 7948
0 20 0 3 1548
0 21 0 3 3340
1 25 0 3 3596
0 22 0 3 7436
0 25 0 4 12
0 26 0 4 2060
1 9 0 4 4108
0 27 0 4 7948
1 9 0 5 780
0 28 0 5 2572
0 24 0 5 3596
0 29 0 5 5388
1 24 0 5 6412
0 20 0 6 4108
0 24 0 6 6156
1 26 0 7 780
0 20 0 7 2572
1 27 0 7 2828
0 16 0 7 6668
0 23 0 0 6157
0 10 0 0 7949
0 25 0 1 3597
1 24 0 1 3853
0 16 0 1 7437
1 26 0 1 7693
0 24 0 2 269
1 5 0 2 1293
0 18 0 2 3085
1 21 0 2 3341
0 29 0 2 4109
0 19 0 2 5133
1 29 0 2 6157
0 21 0 2 7181
0 27 0 3 1805
0 23 0 3 2829
0 29 0 4 269
0 16 0 4 2317
0 22 0 4 3085
1 21 0 4 3341
0 26 0 4 4109
1 18 0 4 5133
0 13 0 4 6925
1 5 0 4 7181
0 28 0 5 1805
0 8 0 5 2829
0 29 0 5 4621
0 23 0 6 3085
1 17 0 6 4109
0 25 0 6 6157
0 28 0 6 6925
1 27 0 6 7181
0 28 0 7 1805
0 25 0 7 3597
0 17 0 7 4621
0 28 0 7 5645
1 25 0 7 6669
0 7 0 7 7437
0 25 0 0 2318
1 6 0 0 3342
0 16 0 0 6158
1 20 0 0 6926
0 13 0 0 7950
0 29 0 1 3598
0 19 0 1 7438
0 23 0 2 270
1 19 0 2 3342
0 13 0 2 5134
0 26 0 2 6158
0 13 0 2 7950
2 3 0 3 782
1 26 0 3 1806
0 21 0 3 2574
1 22 0 3 3598
0 15 0 3 7438
0 22 0 4 1294
0 13 0 4 4110
0 17 0 4 5134
1 21 0 4 6158
0 17 0 4 7950
0 15 0 5 2574
1 25 0 5 2830
0 21 0 5 3598
0 19 0 5 4622
0 14 0 5 5646
0 29 0 6 270
0 28 0 6 1294
1 25 0 6 2318
0 27 0 6 5134
0 17 0 7 782
0 23 0 7 1806
0 22 0 7 2574
1 15 0 7 2830
0 29 0 7 3598
0 16 0 7 5646
0 19 0 0 271
0 22 0 0 1295
1 5 0 0 2319
0 10 0 0 3087
1 29 0 0 3343
0 18 0 0 6159
0 13 0 0 6927
1 19 0 0 7183
0 18 0 0 7951
1 16 0 1 783
0 27 0 1 4623
0 28 0 1 5647
0 24 0 1 6415
1 9 0 1 7439
0 19 0 2 271
0 25 0 2 2063
0 16 0 2 6159
0 9 0 2 7951
1 17 0 3 783
1 20 0 3 4623
0 27 0 3 5647
1 21 0 3 6671
0 26 0 3 7439
0 5 0 4 271
0 18 0 4 1295
1 10 0 4 2319
0 23 0 4 3087
1 27 0 4 4111
0 25 0 4 5903
1 21 0 4 6159
0 15 0 4 7951
1 13 0 5 783
0 25 0 5 1807
0 18 0 5 3599
0 29 0 6 271
0 19 0 6 2063
1 24 0 6 2319
0 24 0 6 6927
0 13 0 6 7951
0 26 0 7 1807
0 15 0 7 3599
0 14 0 7 4623
0 9 0 7 5647
0 11 0 7 6415
1 16 0 7 6671
0 17 0 0 272
0 23 0 0 1296
1 11 0 0 2064
0 20 0 0 4112
0 10 0 0 5136
0 23 0 0 5904
1 13 0 1 1808
0 22 0 1 2576
1 17 0 1 5648
0 15 0 1 6416
1 6 0 1 7440
0 27 0 2 272
1 23 0 2 1296
0 21 0 2 3088
0 23 0 2 4112
0 23 0 3 1552
1 29 0 3 1808
0 25 0 3 3600
0 11 0 3 5648
0 27 0 3 6416
1 10 0 3 7440
0 25 0 4 272
1 7 0 4 1296
0 21 0 4 2064
1 17 0 4 2320
1 20 0 4 6160
0 22 0 4 7952
0 13 0 5 2576
0 28 0 5 6416
0 15 0 6 272
0 16 0 6 1296
1 4 0 6 2064
0 11 0 6 4112
0 8 0 6 5136
0 14 0 6 5904
0 6 0 6 6928
2 3 0 6 7184
0 10 0 6 7952
0 15 0 7 784
0 12 0 7 1552
1 5 0 7 1808
0 12 0 7 2576
0 19 0 7 3600
0 20 0 7 4624
0 11 0 7 5392
0 9 0 7 6416
1 18 0 7 6672
0 12 0 7 7440
0 4 0 0 273
0 15 0 0 1297
0 6 0 0 2065
1 25 0 0 2321
0 7 0 0 3089
0 10 0 0 5137
0 23 0 0 5905
1 9 0 0 6161
0 18 0 0 6929
0 15 0 1 785
0 23 0 1 1553
0 19 0 1 2577
1 19 0 1 2833
0 15 0 1 3601
0 8 0 1 4625
0 10 0 1 5393
0 16 0 1 6417
1 6 0 1 6673
0 22 0 1 7441
0 12 0 2 273
0 11 0 2 1297
0 11 0 2 2065
0 14 0 2 3089
0 12 0 2 4113
0 10 0 2 5137
0 11 0 2 5905
1 6 0 2 6161
0 21 0 2 6929
0 11 0 2 7953
0 12 0 3 785
0 8 0 3 1553
0 16 0 3 2577
1 10 0 3 2833
0 12 0 3 3601
0 12 0 3 5393
0 11 0 3 6417
1 18 0 3 6673
0 15 0 3 7441
0 9 0 4 273
0 17 0 4 1297
0 10 0 4 2065
1 5 0 4 2321
0 9 0 4 3089
1 22 0 4 3345
0 10 0 4 4113
0 13 0 4 5137
0 9 0 4 5905
0 5 0 4 6929
1 13 0 4 7185
0 22 0 4 7953
0 8 0 5 1553
0 6 0 5 2577
0 16 0 5 3601
0 15 0 5 4625
0 8 0 5 5393
0 24 0 5 6417
0 13 0 5 7441
0 4 0 6 1041
0 11 0 6 2065
0 4 0 6 3089
0 7 0 6 4113
0 12 0 6 5137
0 12 0 6 5905
1 18 0 6 6161
0 11 0 6 6929
0 10 0 6 7953
0 12 0 7 785
0 9 0 7 1553
0 24 0 7 2577
0 16 0 7 3601
0 7 0 7 4625
0 7 0 7 5393
0 10 0 7 6417
2 3 0 7 6673
0 16 0 7 7441
0 15 0 0 274
0 11 0 0 1042
0 9 0 0 2066
1 6 0 0 2322
0 14 0 0 3090
0 11 0 0 4114
0 7 0 0 5138
0 10 0 0 5906
1 12 0 0 6162
0 9 0 0 6930
0 8 0 0 7954
0 16 0 1 786
0 15 0 1 1554
0 11 0 1 2578
0 9 0 1 3602
0 9 0 1 4626
0 25 0 1 5394
1 6 0 1 5650
0 21 0 1 6418
1 6 0 1 6674
0 7 0 1 7442
0 6 0 2 274
0 13 0 2 1042
0 9 0 2 2066
0 15 0 2 3090
0 8 0 2 4114
0 18 0 2 5138
0 10 0 2 6930
0 11 0 2 7954
0 15 0 3 786
0 14 0 3 1554
1 14 0 3 1810
0 8 0 3 2578
2 2 0 3 2834
0 25 0 3 3602
0 5 0 3 4626
0 20 0 3 5394
1 7 0 3 5650
0 6 0 3 6418
1 12 0 3 6674
0 9 0 3 7442
0 13 0 4 274
0 14 0 4 1042
1 2 0 4 1298
0 10 0 4 2066
0 10 0 4 3090
0 13 0 4 4114
0 8 0 4 4882
0 17 0 4 5906
1 16 0 4 6162
0 17 0 4 6930
0 11 0 4 7954
0 27 0 5 786
0 11 0 5 1554
1 7 0 5 1810
0 6 0 5 2578
0 8 0 5 3602
0 12 0 5 5394
0 7 0 5 6418
1 7 0 5 6674
0 20 0 5 7442
0 9 0 6 274
0 16 0 6 1042
0 13 0 6 2066
1 13 0 6 2322
0 8 0 6 3090
0 27 0 6 4114
0 10 0 6 4882
0 4 0 6 5906
0 21 0 6 6930
0 17 0 6 7954
0 17 0 7 786
0 23 0 7 1554
1 18 0 7 1810
0 13 0 7 2578
0 9 0 7 3602
0 17 0 7 4626
0 20 0 7 5394
1 7 0 7 5650
0 6 0 7 6418
1 26 0 7 6674
0 4 0 7 7442
0 9 0 0 275
0 17 0 0 1043
1 4 0 0 1299
0 22 0 0 2067
0 12 0 0 3091
0 5 0 0 4115
0 8 0 0 4883
0 18 0 0 6931
0 15 0 0 7955
0 22 0 1 787
0 17 0 1 1555
1 13 0 1 1811
0 25 0 1 2579
0 11 0 1 3603
0 18 0 1 4627
0 6 0 1 5395
0 14 0 1 6419
2 3 0 1 6675
0 27 0 1 7443
0 7 0 2 1043
0 14 0 2 3091
0 13 0 2 4115
0 1 1 2 4883
1 20 1 2 5907
1 22 1 2 7699
1 17 1 3 19
1 24 1 3 531
1 25 1 3 1299
0 2 1 3 2067
1 27 1 3 2323
0 0 0 3 3091
2 1 1 3 4115
0 3 1 3 6163
1 6 0 3 6675
0 27 1 3 7699
0 15 1 4 531
0 6 1 4 787
0 7 1 4 1299
0 8 1 4 1811
1 0 1 4 2067
0 10 1 4 2835
0 14 1 4 4883
0 15 1 4 5395
0 16 1 4 5907
0 18 1 4 6931
0 21 1 5 531
0 23 1 5 1555
0 6 0 5 1811
1 1 1 5 2323
0 25 1 5 3347
0 26 1 5 4371
0 28 1 5 5395
0 25 1 5 5907
1 5 1 5 6419
0 4 1 5 6931
1 7 1 5 7443
2 1 1 5 7955
1 9 1 6 275
2 1 1 6 1811
1 13 1 6 2579
2 0 1 6 2835
1 12 1 6 3091
0 11 0 6 3347
1 14 1 6 4115
0 24 0 6 7187
0 9 0 7 19
0 24 0 7 787
0 16 0 7 1811
0 22 0 7 2835
0 20 0 7 3859
0 7 0 7 4627
0 13 0 7 5651
1 20 0 7 5907
0 13 0 7 6675
0 15 0 7 7699
0 14 0 0 276
0 28 0 0 1300
0 23 0 0 2324
0 16 0 0 3348
0 14 0 0 4372
0 12 0 0 5140
1 18 0 0 5396
0 14 0 0 6164
0 13 0 0 7188
0 15 0 1 20
0 28 0 1 788
0 12 0 1 2836
0 13 0 1 3860
0 8 0 1 4884
0 26 0 1 5652
0 14 0 1 6676
0 23 0 1 7700
0 14 0 2 532
0 11 0 2 1300
0 13 0 2 2324
1 16 0 2 2580
0 12 0 2 3348
0 17 0 2 4372
0 15 0 2 5140
0 12 0 2 7188
0 10 0 3 20
0 4 0 3 1044
0 11 0 3 1812
1 16 0 3 2068
0 20 0 3 2836
0 25 0 3 3860
0 18 0 3 4884
0 13 0 3 5652
1 25 0 3 5908
0 14 0 3 6676
0 19 0 3 7700
0 29 0 4 532
0 18 0 4 1556
0 26 0 4 2324
2 2 0 4 2580
0 24 0 4 3348
0 9 0 4 4372
0 12 0 4 5396
0 15 0 4 6164
0 17 0 4 7188
1 25 0 4 7444
0 21 0 5 20
0 15 0 5 2836
1 24 0 5 3092
0 22 0 5 3860
0 11 0 5 4884
0 16 0 5 5908
0 12 0 5 6676
0 7 0 5 7700
1 18 0 5 7956
0 11 0 6 532
0 7 0 6 1556
0 7 0 6 3348
1 6 0 6 3604
0 16 0 6 4372
0 11 0 6 5396
0 6 0 6 6420
1 11 0 6 7444
0 15 0 7 20
0 21 0 7 1044
0 12 0 7 2068
0 6 0 7 2836
0 7 0 7 3860
1 28 0 7 4116
0 10 0 7 4884
0 6 0 7 5908
0 9 0 7 6676
0 22 0 7 7700
0 11 0 0 533
0 14 0 0 1557
0 25 0 0 2325
1 14 0 0 2581
0 16 0 0 3349
0 15 0 0 4373
0 18 0 0 5397
0 16 0 0 6421
0 14 0 0 7189
1 12 0 0 7445
0 5 0 1 21
0 18 0 1 1045
0 10 0 1 2069
0 16 0 1 2837
0 8 0 1 3861
0 13 0 1 5909
0 6 0 1 6677
1 10 0 1 6933
0 16 0 1 7701
0 10 0 2 1557
0 12 0 2 2325
1 18 0 2 2581
0 8 0 2 3349
1 3 0 2 3605
0 11 0 2 4373
0 14 0 2 5397
0 6 0 2 6421
0 13 0 2 7189
0 5 0 3 21
0 20 0 3 1045
0 26 0 3 2069
0 15 0 3 2837
1 4 0 3 3093
0 11 0 3 3861
0 14 0 3 4885
0 10 0 3 5909
0 9 0 3 6677
0 19 0 3 7701
0 8 0 4 533
0 8 0 4 1557
0 13 0 4 2325
0 13 0 4 3349
0 18 0 4 4373
0 15 0 4 5397
1 12 0 4 6421
0 14 0 4 7189
1 21 0 4 7445
0 16 0 5 21
0 24 0 5 1045
0 12 0 5 2069
0 11 0 5 2837
1 3 0 5 3093
0 19 0 5 3861
0 13 0 5 4885
0 10 0 5 5909
0 15 0 5 6677
0 8 0 5 7701
0 7 0 6 533
0 12 0 6 1557
0 19 0 6 2325
0 4 0 6 3349
1 8 0 6 3605
0 16 0 6 4373
0 18 0 6 5397
0 9 0 6 6165
0 6 0 6 7189
1 6 0 6 7445
0 15 0 7 21
0 10 0 7 1045
0 11 0 7 2069
0 10 0 7 2837
0 14 0 7 3861
0 11 0 7 4885
0 14 0 7 5909
0 10 0 7 6677
0 20 0 7 7701
0 9 0 0 534
0 10 0 0 1558
0 10 0 0 2326
0 19 0 0 3350
0 8 0 0 4374
0 13 0 0 5398
0 19 0 0 6422
0 16 0 0 7190
0 8 0 1 22
0 6 0 1 1046
0 10 0 1 2070
0 20 0 1 2838
1 18 0 1 3094
0 16 0 1 3862
0 17 0 1 4886
0 15 0 1 5910
0 15 0 1 6678
1 29 0 1 6934
0 6 0 1 7702
0 20 0 2 534
0 7 0 2 1558
0 13 0 2 2326
0 19 0 2 3350
1 8 0 2 3606
0 14 0 2 4374
0 6 0 2 5398
0 14 0 2 6166
1 2 0 2 6422
0 11 0 2 7190
1 8 0 2 7446
0 14 0 3 22
0 21 0 3 2070
0 18 0 3 2838
1 9 0 3 3094
0 7 0 3 3862
1 9 0 3 4118
0 15 0 3 4886
0 17 0 3 5910
0 17 0 3 6678
1 18 0 3 6934
0 5 0 3 7702
1 7 0 3 7958
0 6 0 4 534
0 11 0 4 1558
0 16 0 4 2326
0 16 0 4 3350
0 6 0 4 4374
0 17 0 4 5398
0 15 0 4 6166
1 12 0 4 6422
0 9 0 4 7190
1 5 0 4 7446
0 20 0 5 22
0 14 0 5 1046
0 7 0 5 2070
0 14 0 5 2838
1 22 0 5 3094
0 15 0 5 3862
0 21 0 5 4886
0 21 0 5 5910
0 9 0 5 6678
1 2 0 5 6934
0 20 0 5 7702
0 16 0 6 534
0 14 0 6 2326
0 9 0 6 3350
0 15 0 6 5398
0 13 0 6 6166
0 8 0 6 7190
0 21 0 7 22
0 17 0 7 1046
0 20 0 7 2070
0 9 0 7 2838
1 8 0 7 3094
0 9 0 7 3862
0 24 0 7 4886
0 12 0 7 5910
0 11 0 7 6678
0 6 0 7 7702
0 12 0 0 535
0 8 0 0 1559
0 7 0 0 2327
0 16 0 0 3351
0 16 0 0 4375
0 14 0 0 5399
0 8 0 0 7191
1 7 0 0 7447
0 11 0 1 23
0 13 0 1 1047
0 7 0 1 2071
0 7 0 1 2839
1 9 0 1 3095
0 5 0 1 3863
0 10 0 1 4887
0 11 0 1 5911
0 10 0 1 6679
1 11 0 1 6935
0 17 0 1 7703
0 22 0 2 535
0 8 0 2 1559
0 12 0 2 2327
1 2 0 2 2583
0 20 0 2 3351
1 5 0 2 3607
0 9 0 2 4375
0 11 0 2 5399
0 11 0 2 6423
0 17 0 2 7191
1 11 0 2 7447
0 8 0 3 23
0 10 0 3 1047
0 17 0 3 2071
0 12 0 3 2839
1 21 0 3 3095
0 18 0 3 3863
0 21 0 3 4887
0 25 0 3 5911
0 5 0 3 6679
0 18 0 3 7703
0 6 0 4 535
0 7 0 4 1559
0 16 0 4 2327
1 3 0 4 2583
0 10 0 4 3351
1 7 0 4 3607
0 13 0 4 4375
0 10 0 4 5399
0 18 0 4 6423
0 13 0 4 7191
1 13 0 4 7447
0 15 0 5 23
0 13 0 5 1047
0 8 0 5 2071
0 16 0 5 2839
0 12 0 5 3863
0 13 0 5 4887
0 10 0 5 5911
0 11 0 5 6679
0 13 0 5 7703
0 18 0 6 535
0 13 0 6 2327
0 18 0 6 3351
0 7 0 6 5399
0 6 0 6 6167
0 8 0 6 7191
1 20 0 6 7447
0 17 0 7 23
0 7 0 7 1047
0 6 0 7 2071
0 13 0 7 2839
1 8 0 7 3095
0 22 0 7 3863
0 12 0 7 4887
0 12 0 7 5911
0 23 0 7 6679
1 16 0 7 6935
0 13 0 7 7703
0 11 0 0 536
0 6 0 0 1560
0 25 0 0 2328
1 14 0 0 2584
0 14 0 0 3352
1 8 0 0 3608
0 17 0 0 4376
0 21 0 0 6424
0 12 0 0 7192
1 23 0 0 7448
0 8 0 1 24
0 15 0 1 1048
0 14 0 1 2072
0 25 0 1 2840
0 14 0 1 3864
0 13 0 1 4888
0 17 0 1 5912
0 8 0 1 6680
1 13 0 1 6936
1 12 0 1 7960
0 19 0 2 536
0 6 0 2 1560
0 9 0 2 2328
0 7 0 2 3352
1 13 0 2 3608
0 14 0 2 4376
0 14 0 2 5400
0 15 0 2 6168
1 10 0 2 6424
0 9 0 2 7192
0 13 0 3 24
0 27 0 3 1048
0 9 0 3 2072
0 24 0 3 2840
0 12 0 3 3864
0 17 0 3 4888
0 13 0 3 5912
0 11 0 3 6680
1 2 0 3 6936
0 10 0 3 7704
0 10 0 4 536
0 23 0 4 1560
0 16 0 4 2328
0 12 0 4 4376
0 7 0 4 5400
0 14 0 4 6168
1 12 0 4 6424
0 9 0 4 7192
0 10 0 5 24
0 4 0 5 1048
0 22 0 5 2072
0 10 0 5 2840
1 10 0 5 3096
0 16 0 5 3864
0 11 0 5 4888
0 19 0 5 5912
0 11 0 5 6680
1 22 0 5 6936
0 7 0 5 7704
1 11 0 5 7960
0 15 0 6 536
0 11 0 6 1560
0 8 0 6 2328
0 14 0 6 3352
1 9 0 6 3608
0 26 0 6 4376
0 6 0 6 6168
0 11 0 6 7192
1 6 0 6 7448
0 9 0 7 24
0 29 0 7 1048
0 9 0 7 2072
0 8 0 7 2840
0 22 0 7 3864
0 12 0 7 4888
0 12 0 7 5912
0 23 0 7 6680
1 15 0 7 6936
0 10 0 7 7704
0 19 0 0 537
0 5 0 0 1561
0 13 0 0 2329
1 6 0 0 2585
0 17 0 0 3353
0 16 0 0 4377
0 6 0 0 5401
0 15 0 0 6169
0 24 0 0 7193
0 8 0 1 2073
0 22 0 1 2841
1 12 0 1 3097
0 27 0 1 3865
0 15 0 1 4889
0 14 0 1 5913
0 19 0 1 6681
1 14 0 1 6937
0 11 0 1 7705
0 8 0 2 537
0 4 0 2 2329
0 8 0 2 3353
0 10 0 2 4377
0 21 0 2 5401
0 9 0 2 6169
1 3 0 2 6425
0 15 0 2 7193
0 19 0 3 25
0 17 0 3 1049
0 12 0 3 2073
0 11 0 3 2841
1 25 0 3 3097
0 15 0 3 3865
0 16 0 3 5913
0 11 0 3 6681
1 9 0 3 6937
0 9 0 3 7705
0 13 0 4 537
0 9 0 4 1561
0 16 0 4 2329
1 2 0 4 2585
0 12 0 4 3353
0 14 0 4 4377
0 16 0 4 5401
0 5 0 4 6169
0 23 0 4 7193
0 12 0 5 25
0 5 0 5 1049
0 10 0 5 2073
0 10 0 5 2841
0 8 0 5 3865
0 18 0 5 4889
0 7 0 5 5913
0 11 0 5 6681
1 19 0 5 6937
0 9 0 5 7705
0 15 0 6 537
0 12 0 6 2329
0 8 0 6 3353
0 6 0 6 4377
0 17 0 6 5401
0 17 0 6 6169
1 8 0 6 6425
0 10 0 6 7193
0 4 0 7 25
0 12 0 7 1049
0 11 0 7 1817
0 15 0 7 2841
1 1 0 7 3097
0 11 0 7 3865
1 10 0 7 4121
0 17 0 7 4889
0 8 0 7 5913
0 14 0 7 6681
1 14 0 7 6937
0 9 0 7 7705
1 8 0 7 7961
0 5 0 0 538
0 21 0 0 1562
0 15 0 0 2330
0 23 0 0 3354
1 14 0 0 3610
0 10 0 0 4378
0 16 0 0 6170
0 10 0 0 7194
1 11 0 0 7450
0 19 0 1 26
0 19 0 1 1050
0 16 0 1 2074
0 9 0 1 2842
1 3 0 1 3098
0 19 0 1 3866
0 8 0 1 4890
0 22 0 1 5914
0 10 0 1 6682
0 10 0 1 7706
1 6 0 1 7962
0 11 0 2 538
0 24 0 2 1562
0 13 0 2 2330
1 12 0 2 2586
0 7 0 2 3354
1 17 0 2 3610
0 22 0 2 5402
0 14 0 2 6170
0 22 0 2 7194
1 17 0 2 7450
0 15 0 3 26
0 17 0 3 1050
0 11 0 3 2074
0 14 0 3 2842
0 9 0 3 3866
0 25 0 3 4890
0 23 0 3 5914
0 8 0 3 6682
1 27 0 3 6938
0 7 0 3 7706
2 2 0 3 7962
0 9 0 4 538
0 17 0 4 2330
1 9 0 4 2586
0 12 0 4 3354
0 10 0 4 4378
0 20 0 4 5402
0 15 0 4 7194
0 10 0 5 26
0 10 0 5 1050
0 7 0 5 1818
0 21 0 5 2842
0 18 0 5 3866
0 14 0 5 4890
0 12 0 5 5914
0 5 0 5 6682
0 12 0 5 7706
0 7 0 6 538
0 11 0 6 1562
0 14 0 6 2330
0 9 0 6 3354
1 22 0 6 3610
0 8 0 6 4378
0 3 0 6 5402
0 9 0 6 6170
0 11 0 6 7194
1 9 0 6 7450
0 7 0 7 26
0 10 0 7 1050
0 13 0 7 1818
0 12 0 7 2842
1 4 0 7 3098
0 18 0 7 3866
0 6 0 7 4890
0 15 0 7 5914
0 8 0 7 6682
1 5 0 7 6938
0 6 0 7 7706
1 14 0 7 7962
0 8 0 0 539
0 14 0 0 1563
0 22 0 0 2331
1 4 0 0 2587
0 17 0 0 3355
0 8 0 0 4379
0 12 0 0 5403
0 20 0 0 6171
1 1 0 0 6427
0 17 0 0 7195
0 6 0 1 27
0 15 0 1 1051
0 9 0 1 1819
0 16 0 1 2843
1 17 0 1 3099
0 19 0 1 3867
0 10 0 1 4891
0 27 0 1 5915
0 13 0 1 6683
1 14 0 1 6939
0 15 0 1 7707
0 29 0 2 539
0 10 0 2 1563
0 17 0 2 2331
1 3 0 2 2587
0 9 0 2 3355
1 7 0 2 3611
0 9 0 2 4379
0 5 0 2 5403
0 8 0 2 6171
0 10 0 2 7195
1 10 0 2 7451
0 20 0 3 27
0 10 0 3 1051
0 8 0 3 2075
0 27 0 3 2843
1 18 0 3 3099
2 2 0 3 5147
0 1 1 3 5403
1 22 1 3 5659
1 24 1 3 6683
1 25 1 3 7451
0 2 1 4 27
1 27 1 4 283
0 4 1 4 3099
1 12 0 4 3611
0 4 1 4 5147
0 5 1 4 6171
1 2 0 5 283
0 9 1 5 539
0 17 1 5 1307
0 11 1 5 1563
0 12 1 5 2075
0 14 1 5 3355
0 15 1 5 3867
1 3 0 5 4123
0 17 1 5 4891
0 18 1 5 5403
1 1 1 5 5659
0 19 1 5 5915
0 21 1 5 7195
0 7 0 5 7963
0 24 1 6 27
0 25 1 6 1051
1 1 1 6 1563
0 26 1 6 2075
1 3 1 6 2587
0 27 1 6 3099
0 1 0 6 3611
1 5 1 6 4379
0 27 1 6 4891
1 21 0 6 5659
1 5 1 6 5915
1 8 1 6 6427
0 2 1 6 6939
1 9 1 7 539
1 12 1 7 1563
0 1 1 7 1819
2 1 0 7 2331
1 14 1 7 2587
0 0 1 7 2843
2 0 1 7 3355
1 16 1 7 3611
0 9 0 7 4123
1 16 1 7 4635
0 19 0 7 4891
1 21 0 7 5147
0 9 0 7 5915
0 25 0 7 6939
0 6 0 7 7963
0 8 0 0 796
