1 29 0 7 6145
0 0 1 7 7937
1 22 1 0 514
1 27 0 0 5634
0 21 0 0 7426
1 26 0 2 770
0 4 1 2 2818
1 20 0 2 3586
0 23 0 3 258
1 29 0 3 514
0 28 0 3 2306
0 17 0 3 6146
0 25 0 5 1282
1 21 0 5 7170
0 25 0 6 770
1 24 0 6 4610
0 15 1 6 4866
0 25 0 6 5378
1 20 0 7 258
0 1 1 0 1795
1 17 1 0 2051
0 26 0 0 5635
1 24 0 3 259
0 23 0 3 2051
0 10 0 4 3587
0 23 0 5 5123
0 25 0 6 259
1 22 1 7 6403
0 1 1 7 6659
1 23 1 7 7171
1 24 1 7 7939
1 25 1 0 516
1 26 1 0 1284
1 27 1 0 2052
1 28 1 0 2820
1 29 1 0 3588
2 2 1 0 4356
2 2 1 0 5124
0 8 1 1 4612
0 8 1 1 5380
0 9 1 1 6148
0 10 1 1 6916
1 2 1 1 7428
0 11 1 1 7684
0 12 1 2 260
0 13 1 2 1028
0 14 1 2 1796
0 15 1 2 2564
0 16 1 2 3332
1 1 1 2 3588
0 17 1 2 4100
0 18 1 2 4612
0 19 1 2 5380
0 20 1 2 6148
0 21 1 2 6916
0 22 1 2 7684
0 23 1 3 260
0 24 1 3 1028
0 25 1 3 1796
0 26 1 3 2564
0 27 1 3 3332
0 28 1 3 4100
0 29 1 3 4868
1 9 1 4 1796
1 11 1 4 3332
2 0 1 4 3844
1 10 1 4 4100
2 0 1 4 4612
1 13 1 4 4868
0 2 1 4 5380
1 12 1 4 5636
0 2 1 4 6148
1 15 1 4 6404
0 2 1 4 6916
1 14 1 4 7172
1 16 1 4 7940
1 16 1 5 516
1 17 1 5 1284
1 18 1 5 2052
1 19 1 5 2820
1 20 1 5 3588
1 21 1 5 4356
2 0 1 5 4612
1 23 1 0 526
1 23 1 0 1294
1 24 1 0 2062
1 25 1 0 2830
1 26 1 0 3598
1 27 1 0 4366
1 28 1 0 5134
1 29 1 0 5646
2 3 1 0 5902
2 2 1 0 6670
2 3 1 0 7438
0 8 1 1 6670
0 8 1 1 7438
0 9 1 2 14
1 1 1 2 526
0 10 1 2 782
1 2 1 2 1294
0 11 1 2 1550
0 12 1 2 2318
0 13 1 2 3086
0 14 1 2 3854
0 15 1 2 4622
0 16 1 2 5390
1 1 1 2 5646
0 17 1 2 5902
0 18 1 2 6670
0 19 1 2 7438
0 20 1 3 14
0 21 1 3 782
0 22 1 3 1550
1 1 1 3 1806
0 23 1 3 2318
0 24 1 3 3086
0 25 1 3 3854
0 26 1 3 4622
0 27 1 3 5390
0 28 1 3 5902
1 2 1 3 6158
0 29 1 3 6670
1 3 1 3 6926
1 9 1 4 4110
1 11 1 4 5646
2 0 1 4 6158
1 10 1 4 6414
2 0 1 4 6926
1 13 1 4 7182
0 2 1 4 7694
1 12 1 4 7950
1 15 1 5 526
0 2 1 5 1038
1 14 1 5 1294
1 16 1 5 2062
1 16 1 5 2830
1 17 1 5 3598
1 18 1 5 4366
1 19 1 5 5134
1 20 1 5 5902
1 21 1 5 6670
2 0 1 5 6926
1 23 1 0 2840
1 23 1 0 3608
1 24 1 0 4376
1 25 1 0 5144
1 26 1 0 5912
1 27 1 0 6680
1 28 1 0 7448
1 29 1 1 24
2 2 1 1 792
2 3 1 1 1560
0 8 1 2 792
0 8 1 2 1560
0 9 1 2 2328
1 1 1 2 2840
0 10 1 2 3096
1 2 1 2 3608
0 11 1 2 3864
0 12 1 2 4632
0 13 1 2 5400
0 14 1 2 6168
0 15 1 2 6936
0 16 1 2 7704
1 1 1 2 7960
0 17 1 3 24
0 18 1 3 792
0 19 1 3 1560
0 20 1 3 2328
0 21 1 3 3096
0 22 1 3 3864
1 1 1 3 4120
0 23 1 3 4632
0 24 1 3 5400
0 25 1 3 6168
0 26 1 3 6936
0 27 1 3 7704
0 28 1 4 24
1 2 1 4 280
0 29 1 4 792
1 3 1 4 1048
1 8 1 4 6168
1 10 1 4 7704
2 3 1 5 24
1 11 1 5 280
0 2 1 5 792
1 12 1 5 1048
0 2 1 5 1560
1 13 1 5 1816
0 2 1 5 2328
1 14 1 5 2584
0 2 1 5 3096
1 15 1 5 3352
1 16 1 5 4120
1 16 1 5 4888
1 17 1 5 5656
1 18 1 5 6424
1 19 1 5 7192
2 0 1 5 7448
1 20 1 5 7960
2 1 1 6 24
1 21 1 6 536
1 23 1 1 546
1 23 1 1 1314
1 24 1 1 2082
1 25 1 1 2850
1 26 1 1 3618
1 27 1 1 4386
1 28 1 1 5154
1 29 1 1 5666
2 3 1 1 5922
2 2 1 1 6690
2 3 1 1 7458
0 8 1 2 6690
0 8 1 2 7458
0 9 1 3 34
1 1 1 3 546
0 10 1 3 802
1 2 1 3 1314
0 11 1 3 1570
0 12 1 3 2338
0 13 1 3 3106
0 14 1 3 3874
0 15 1 3 4642
0 16 1 3 5410
1 1 1 3 5666
0 17 1 3 5922
0 18 1 3 6690
0 19 1 3 7458
0 20 1 4 34
0 21 1 4 802
0 22 1 4 1570
1 1 1 4 1826
0 23 1 4 2338
0 24 1 4 3106
0 25 1 4 3874
0 26 1 4 4642
0 27 1 4 5410
0 28 1 4 6434
0 29 1 4 7202
1 10 1 5 4898
1 12 1 5 6434
2 0 1 5 6946
1 11 1 5 7202
0 2 1 5 7714
1 14 1 5 7970
0 2 1 6 290
1 13 1 6 546
0 2 1 6 1058
1 16 1 6 1314
1 15 1 6 2082
1 17 1 6 2850
1 17 1 6 3618
1 18 1 6 4386
1 19 1 6 5154
1 20 1 6 5922
1 21 1 6 6690
1 23 1 6 4140
1 23 1 6 4908
1 24 1 6 5676
2 1 1 6 5932
1 25 1 6 6444
2 2 1 6 6700
1 26 1 6 7212
0 0 0 6 7468
1 27 1 6 7980
0 0 0 7 44
1 28 1 7 556
0 1 1 7 812
1 29 1 7 1324
0 2 1 7 1580
2 2 1 7 2092
2 3 1 7 2860
1 2 1 0 2093
0 8 1 0 2349
1 2 1 0 2861
0 8 1 0 3117
1 3 1 0 3629
0 9 1 0 3885
0 10 1 0 4653
0 11 1 0 5421
0 12 1 0 6189
0 13 1 0 6701
1 0 1 0 7213
0 14 1 0 7469
0 15 1 1 45
0 16 1 1 813
0 17 1 1 1581
0 18 1 1 2349
0 19 1 1 3117
1 0 1 1 3373
0 20 1 1 3885
1 1 1 1 4141
0 21 1 1 4653
0 22 1 1 5421
0 23 1 1 6189
0 24 1 1 6701
0 25 1 1 7469
0 26 1 2 45
1 0 1 2 301
0 27 1 2 813
0 28 1 2 1581
0 29 1 2 2349
2 1 1 2 7469
1 8 1 2 7725
1 10 1 3 1069
0 4 1 3 1581
1 11 1 3 1837
1 12 1 3 2605
1 13 1 3 3373
1 14 1 3 4141
1 15 1 3 4909
1 16 1 3 5677
2 0 1 3 5933
1 16 1 3 6445
2 1 1 3 6701
1 17 1 3 7213
1 18 1 3 7981
1 19 1 4 557
0 1 1 4 813
1 20 1 4 1069
0 1 1 4 1581
1 21 1 4 1837
1 23 1 3 5687
1 23 1 3 6455
1 24 1 3 7223
2 1 1 3 7479
1 25 1 3 7991
2 2 1 4 55
1 26 1 4 567
2 1 1 4 823
1 27 1 4 1335
0 0 0 4 1591
1 28 1 4 2103
0 1 1 4 2359
1 29 1 4 2871
0 2 1 4 3127
2 2 1 4 3639
2 3 1 4 4407
1 2 1 5 3639
0 8 1 5 3895
1 2 1 5 4407
0 8 1 5 4663
1 3 1 5 5175
0 9 1 5 5431
0 10 1 5 6199
0 11 1 5 6967
0 12 1 5 7735
0 13 1 6 311
0 14 1 6 823
1 1 1 6 1335
0 15 1 6 1591
0 16 1 6 2359
0 17 1 6 3127
0 18 1 6 3895
0 19 1 6 4663
0 20 1 6 5431
1 1 1 6 5687
0 21 1 6 6199
0 22 1 6 6967
0 23 1 6 7735
0 24 1 7 311
0 25 1 7 823
0 26 1 7 1591
1 0 1 7 1847
0 27 1 7 2359
1 1 1 7 2615
0 28 1 7 3127
0 29 1 7 3895
2 1 1 0 824
1 8 1 0 1080
1 10 1 0 2616
1 11 1 0 3384
0 2 1 0 3896
1 12 1 0 4152
1 13 1 0 4920
1 14 1 0 5688
1 15 1 0 6456
1 16 1 0 7224
1 16 1 0 7992
2 1 1 1 56
1 17 1 1 568
1 18 1 1 1336
1 19 1 1 2104
0 1 1 1 2360
1 20 1 1 2872
0 1 1 1 3128
1 21 1 1 3640
1 23 1 1 1090
0 0 0 1 1346
1 23 1 1 1858
0 1 1 1 2114
1 24 1 1 2626
0 1 1 1 2882
1 25 1 1 3394
0 1 1 1 3650
1 26 1 1 4162
1 27 1 1 4930
1 28 1 1 5698
1 29 1 1 6466
2 2 1 1 7234
2 3 1 1 8002
0 8 1 2 7490
0 8 1 2 8002
0 9 1 3 578
0 10 1 3 1346
0 11 1 3 2114
1 0 1 3 2626
0 12 1 3 2882
0 13 1 3 3650
0 14 1 3 4418
0 15 1 3 5186
0 16 1 3 5954
0 17 1 3 6722
1 0 1 3 6978
0 18 1 3 7490
0 19 1 4 66
0 20 1 4 578
0 21 1 4 1346
0 22 1 4 2114
0 23 1 4 2882
1 0 1 4 3138
0 24 1 4 3650
1 1 1 4 3906
0 25 1 4 4418
0 26 1 4 5186
0 27 1 4 5954
0 28 1 4 6722
0 29 1 4 7490
1 10 1 5 5442
1 12 1 5 6978
1 11 1 5 7490
2 1 1 5 8002
1 14 1 6 66
2 2 1 6 578
1 13 1 6 834
1 16 1 6 1602
0 0 0 6 2114
1 15 1 6 2370
0 1 1 6 2882
1 17 1 6 3138
0 2 1 6 3650
1 17 1 6 3906
1 18 1 6 4674
1 19 1 6 5442
1 20 1 6 6210
1 21 1 6 6978
1 23 1 6 4684
1 23 1 6 5196
1 24 1 6 5964
1 25 1 6 6732
1 26 1 6 7500
2 1 1 6 7756
1 27 1 7 76
2 1 1 7 332
1 28 1 7 844
2 2 1 7 1100
1 29 1 7 1612
2 3 1 7 1868
2 2 1 7 2380
2 3 1 7 3148
0 2 1 7 3404
0 8 1 0 2637
1 2 1 0 3149
0 8 1 0 3405
1 3 1 0 3917
0 9 1 0 4173
0 10 1 0 4941
0 11 1 0 5709
0 12 1 0 6477
0 13 1 0 7245
0 14 1 0 8013
0 15 1 1 333
0 16 1 1 1101
0 17 1 1 1869
0 18 1 1 2637
0 19 1 1 3405
0 20 1 1 4173
0 21 1 1 4941
1 0 1 1 5197
0 22 1 1 5709
0 23 1 1 6477
0 24 1 1 7245
0 25 1 1 8013
0 26 1 2 333
1 0 1 2 589
0 27 1 2 1101
1 1 1 2 1357
0 28 1 2 1869
1 2 1 2 2125
0 29 1 2 2637
1 3 1 2 2893
2 1 1 2 7757
1 8 1 2 8013
2 2 1 3 1101
1 10 1 3 1357
0 4 1 3 2125
1 11 1 3 2381
0 2 1 3 2893
1 12 1 3 3149
0 2 1 3 3661
1 13 1 3 3917
1 14 1 3 4685
1 15 1 3 5453
1 16 1 3 6221
1 16 1 3 6989
1 17 1 3 7757
1 18 1 4 333
1 19 1 4 1101
1 20 1 4 1869
1 21 1 4 2637
1 23 1 3 6487
1 23 1 3 7255
1 24 1 3 8023
1 25 1 4 343
1 26 1 4 1111
2 1 1 4 1367
1 27 1 4 1879
2 1 1 4 2135
1 28 1 4 2647
2 2 1 4 2903
1 29 1 4 3415
2 3 1 4 3671
2 2 1 4 4439
2 3 1 4 4951
0 2 1 4 5207
0 8 1 5 4439
0 8 1 5 5207
0 9 1 5 5975
1 1 1 5 6487
0 10 1 5 6743
0 11 1 5 7511
0 12 1 6 87
0 13 1 6 855
0 14 1 6 1623
0 15 1 6 2391
1 0 1 6 2647
0 16 1 6 2903
0 17 1 6 3671
0 18 1 6 4439
0 19 1 6 5207
0 20 1 6 5975
0 21 1 6 6743
1 0 1 6 6999
0 22 1 6 7511
1 1 1 6 7767
0 23 1 7 87
0 24 1 7 855
0 25 1 7 1623
0 26 1 7 2391
0 27 1 7 2903
1 1 1 7 3159
0 28 1 7 3671
1 2 1 7 3927
0 29 1 7 4439
1 3 1 7 4695
1 8 1 0 1624
2 2 1 0 2904
1 10 1 0 3160
2 3 1 0 3672
1 11 1 0 3928
0 2 1 0 4440
1 12 1 0 4696
0 2 1 0 5208
1 13 1 0 5464
0 2 1 0 5976
1 14 1 0 6232
0 2 1 0 6744
1 15 1 0 7000
1 16 1 0 7768
1 16 1 1 344
1 17 1 1 1112
1 18 1 1 1880
1 19 1 1 2648
2 0 1 1 2904
1 20 1 1 3416
2 1 1 1 3672
1 21 1 1 4184
1 23 1 1 1634
1 23 1 1 2402
2 0 1 1 2658
1 24 1 1 3170
2 1 1 1 3426
1 25 1 1 3938
2 2 1 1 4194
1 26 1 1 4706
0 0 0 1 4962
1 27 1 1 5474
1 28 1 1 6242
0 1 1 1 6498
1 29 1 1 7010
2 2 1 1 7778
2 3 1 2 354
0 8 1 2 8034
0 8 1 3 610
0 9 1 3 1378
0 10 1 3 2146
0 11 1 3 2914
0 12 1 3 3426
0 13 1 3 4194
0 14 1 3 4962
0 15 1 3 5730
0 16 1 3 6498
0 17 1 3 7266
0 18 1 3 8034
0 19 1 4 610
0 20 1 4 1378
0 21 1 4 2146
0 22 1 4 2658
0 23 1 4 3426
0 24 1 4 4194
0 25 1 4 4962
1 2 1 4 5218
0 26 1 4 5730
0 27 1 4 6498
0 28 1 4 7266
0 29 1 4 8034
1 9 1 5 5218
1 11 1 5 6754
0 4 1 5 7266
1 10 1 5 7522
1 13 1 6 98
1 12 1 6 866
1 15 1 6 1634
2 0 1 6 1890
1 14 1 6 2146
2 1 1 6 2658
1 16 1 6 3170
1 16 1 6 3682
1 17 1 6 4450
0 1 1 6 4962
1 18 1 6 5218
0 1 1 6 5730
1 19 1 6 5986
1 20 1 6 6754
1 21 1 6 7522
1 23 1 6 3180
1 23 1 6 3948
2 0 1 6 4204
1 24 1 6 4716
2 1 1 6 4972
1 25 1 6 5484
2 2 1 6 5740
1 26 1 6 6252
0 0 0 6 6508
1 27 1 6 7020
1 28 1 6 7788
0 1 1 6 8044
1 29 1 7 364
0 2 1 7 620
2 2 1 7 1132
2 3 1 7 1900
