1 23 0 6 3841
1 19 1 6 4097
1 9 1 6 4353
0 26 0 6 7425
0 24 0 7 1281
0 20 0 7 3329
0 29 0 7 4097
1 20 0 7 5121
0 16 0 0 2
0 23 0 0 1794
0 29 0 0 3842
0 28 0 0 7682
0 15 0 1 1538
0 27 0 1 4354
0 25 0 1 5378
0 6 0 1 7170
0 26 0 2 2050
1 9 0 2 2818
0 17 0 2 3842
1 4 0 2 4866
0 17 0 2 6914
0 20 0 3 1538
0 15 0 3 3330
1 22 0 3 3586
0 26 0 3 4354
0 18 0 3 6402
0 21 0 4 1026
0 29 0 4 2050
1 18 0 4 5122
0 21 0 4 6914
0 7 0 5 770
0 21 0 5 4610
0 19 0 5 5634
1 7 0 5 6402
0 16 0 5 7426
0 27 0 6 1282
1 14 0 6 2050
0 20 0 6 3074
0 29 0 6 4098
0 27 0 6 6914
1 0 0 7 770
0 28 0 7 4610
0 8 0 0 1283
0 23 0 0 2307
0 26 0 0 5123
0 22 0 1 3
1 4 0 1 771
0 12 0 1 4867
0 23 0 1 5635
1 28 0 1 7683
0 19 0 2 1283
1 14 0 2 1539
0 22 0 2 2307
0 29 0 2 4355
0 17 0 2 5379
0 20 0 2 6147
1 22 0 2 6403
0 24 0 2 7171
0 23 0 3 3
1 29 0 3 1027
0 13 0 3 2051
0 20 0 3 2819
1 19 0 3 3075
0 16 0 3 5891
0 8 0 3 7683
1 6 0 4 515
0 19 0 4 2563
0 25 0 4 4355
0 15 0 4 6403
0 15 0 4 7427
0 24 0 5 6915
0 16 0 5 7939
0 15 0 6 771
0 23 0 6 1539
1 18 0 6 2563
0 19 0 6 3587
0 23 0 6 6403
0 23 0 6 7427
1 18 0 7 2307
0 14 0 7 3075
1 15 0 7 4099
0 26 0 7 5123
0 28 0 0 772
0 19 0 0 6660
0 21 0 0 7428
1 11 0 0 7684
0 16 0 1 1284
0 23 0 2 4
0 24 0 2 772
1 14 0 2 1028
0 20 0 2 2820
0 25 0 2 6660
0 29 0 3 516
1 29 0 3 1540
0 29 0 3 3332
0 17 0 3 5380
1 20 0 3 6404
0 24 0 4 1028
1 10 0 4 2820
0 15 0 4 3844
0 21 0 4 7684
0 17 0 5 516
0 20 0 5 2564
0 23 0 5 4356
1 10 0 5 6404
0 23 0 5 7428
1 17 0 6 1028
0 11 0 6 2052
0 13 0 6 3076
1 18 0 6 4100
0 20 0 6 4868
0 28 0 6 5892
0 27 0 6 6916
0 14 0 7 2564
1 28 0 7 3588
0 24 0 7 5380
0 21 0 7 7428
0 28 0 0 2053
0 18 0 0 4101
0 23 0 1 773
0 17 0 1 1797
0 28 0 1 4613
0 26 0 1 7429
0 26 0 2 1285
0 25 0 2 7941
1 22 0 3 773
0 26 0 3 2821
0 29 0 3 4613
2 1 0 3 4869
0 29 0 3 5637
0 29 0 3 6661
1 15 0 3 7685
0 27 0 4 2309
0 28 0 4 3333
0 19 0 4 4357
0 21 0 4 6149
0 19 0 5 5
0 27 0 5 1029
0 25 0 5 3845
0 24 0 5 4869
0 28 0 5 5893
0 14 0 5 6661
1 3 0 5 6917
0 28 0 6 517
0 22 0 6 3333
1 10 0 6 4357
0 27 0 6 5381
0 20 0 7 5
1 24 0 7 261
0 19 0 7 1029
0 16 0 0 518
0 26 0 0 2566
0 29 0 0 4614
0 21 0 0 5382
1 19 0 0 5638
0 14 0 0 6406
1 10 0 1 2054
0 13 0 1 4102
0 29 0 1 5894
1 0 0 1 7942
0 26 0 2 1798
0 24 0 2 2566
1 11 0 2 2822
0 27 0 2 4614
0 19 0 2 5638
0 11 0 2 6662
0 16 0 2 7430
1 12 0 3 262
0 22 0 3 7942
1 27 0 4 6
0 28 0 4 2822
0 26 0 4 4614
1 24 0 4 4870
0 16 0 4 5638
0 26 0 5 1286
0 14 0 5 7174
0 11 0 6 1030
0 24 0 6 3846
0 24 0 6 4870
0 27 0 6 5894
0 29 0 6 6662
0 24 0 7 1542
1 17 0 7 2566
0 27 0 7 4358
0 26 0 0 7
1 8 0 0 1031
0 19 0 0 3079
1 25 0 0 3847
0 28 0 0 5895
1 12 0 0 7943
0 22 0 1 519
1 25 0 1 1543
0 13 0 1 2567
0 22 0 1 3591
0 22 0 1 5383
0 29 0 1 6407
0 27 0 1 7431
1 16 0 2 263
0 18 0 2 1031
1 24 0 2 1287
0 17 0 2 3079
0 12 0 2 5127
0 19 0 2 6919
0 20 0 2 7943
1 3 0 3 2823
0 14 0 3 7431
0 15 0 4 1287
0 15 0 4 2311
0 17 0 4 4103
0 16 0 4 5127
1 12 0 4 6151
0 14 0 4 7175
1 10 0 4 7943
0 29 0 5 775
1 15 0 5 1799
0 29 0 5 5639
0 26 0 5 6663
0 23 0 6 263
0 20 0 6 1287
0 24 0 6 2311
1 1 0 6 3335
0 29 0 6 4359
1 23 0 6 5127
0 11 0 6 6151
0 25 0 7 1799
1 15 0 7 2055
0 11 0 7 4871
1 21 0 7 5895
0 8 0 7 6663
1 27 0 7 6919
0 23 0 0 520
0 21 0 0 3336
1 8 0 0 4360
0 19 0 0 5384
0 20 0 0 7176
1 11 0 1 2824
0 20 0 1 4872
0 19 0 1 6920
0 17 0 1 7688
1 29 0 1 7944
0 19 0 2 520
0 21 0 2 3592
0 10 0 2 4360
0 28 0 2 5384
0 16 0 2 6408
0 29 0 2 7432
0 25 0 3 2056
0 24 0 3 3080
0 14 0 3 4104
0 20 0 3 5896
0 17 0 3 6920
0 28 0 4 2568
0 11 0 4 5640
0 16 0 4 6408
1 17 0 4 6664
0 22 0 4 7432
0 15 0 5 264
0 24 0 5 6152
0 20 0 6 1800
0 20 0 6 3592
1 9 0 6 3848
0 22 0 6 4616
0 27 0 6 7688
0 13 0 7 3336
0 25 0 7 4360
1 21 0 7 5128
0 25 0 7 7176
0 19 0 0 9
0 21 0 0 1033
0 15 0 0 2825
0 29 0 0 4873
1 24 0 0 6665
0 20 0 0 7689
0 20 0 1 1545
0 18 0 1 2313
1 13 0 1 2569
0 26 0 1 3337
1 2 0 1 4361
0 15 0 1 5385
0 20 0 1 6409
0 22 0 2 9
0 28 0 2 2057
0 18 0 2 2825
1 20 0 2 3849
0 15 0 2 5897
0 29 0 2 6921
0 25 0 3 4361
1 18 0 3 6409
0 19 0 3 7433
0 29 0 4 265
0 29 0 4 2057
0 21 0 4 4873
1 17 0 4 5129
0 27 0 5 2569
0 27 0 5 3593
0 22 0 6 2313
0 23 0 6 3081
0 29 0 6 7945
1 0 0 7 1801
0 29 0 7 3593
0 16 0 0 266
0 29 0 0 2314
1 19 0 0 3338
0 12 0 1 10
0 28 0 1 778
1 18 0 1 1034
0 17 0 1 2826
0 14 0 1 3850
0 22 0 1 7690
0 14 0 2 6154
1 9 0 2 6410
0 27 0 2 7178
0 24 0 3 2058
0 26 0 3 2826
0 20 0 3 7690
0 28 0 4 522
0 23 0 4 1546
0 15 0 4 3338
1 27 0 4 3594
0 22 0 4 6410
0 29 0 4 7434
1 24 0 5 1034
0 25 0 5 3082
0 21 0 5 5898
0 19 0 6 2570
0 25 0 6 3594
1 11 0 6 4618
0 27 0 6 5386
1 29 0 6 5642
0 23 0 6 7434
0 20 0 7 266
0 15 0 7 1290
1 22 0 7 2314
0 15 0 7 4106
0 13 0 7 5130
0 14 0 7 7946
0 29 0 0 1803
0 23 0 0 5643
1 26 0 0 6667
0 24 0 0 7435
1 11 0 0 7691
0 26 0 1 3339
0 16 0 1 5131
0 29 0 1 6155
1 8 0 1 7179
0 17 0 1 7947
0 27 0 2 1803
0 25 0 2 3851
1 13 0 2 4619
0 9 0 2 5643
0 1 1 2 6155
0 8 0 2 7691
2 2 1 3 523
1 23 1 3 779
1 24 1 3 1291
1 25 1 3 1803
1 28 1 3 3083
2 2 1 3 4107
1 8 0 3 4363
0 2 1 3 4619
1 5 1 3 6411
0 5 1 3 7435
0 5 1 3 7947
1 2 1 4 11
0 6 1 4 267
1 0 1 4 523
1 14 0 4 1035
1 21 0 4 2059
0 11 1 4 2571
0 12 1 4 3083
0 13 1 4 3595
0 8 0 4 4875
0 17 1 4 5387
0 20 1 4 6667
0 21 1 4 7179
0 25 1 5 1291
1 4 0 5 1547
0 26 1 5 1803
1 3 1 5 2315
1 7 0 5 2571
0 27 1 5 2827
0 6 1 5 4107
0 6 1 5 4619
1 7 1 5 5131
2 0 1 5 5387
0 3 1 5 5899
1 20 0 5 6411
1 13 1 5 7947
1 16 1 6 1547
0 0 1 6 1803
1 15 0 6 2059
1 18 1 6 2571
1 17 0 6 3851
0 8 0 6 4875
0 14 0 6 6667
0 11 0 0 12
1 22 0 0 1036
0 22 0 0 4876
1 27 0 0 6924
0 14 0 0 7948
1 19 0 1 1548
0 27 0 1 2572
0 20 0 2 268
0 25 0 2 3084
1 28 0 2 4108
0 21 0 2 5132
0 24 0 3 3596
1 23 0 3 4620
0 26 0 3 5644
1 20 0 4 2316
0 26 0 4 3084
1 22 0 4 3340
0 18 0 4 4108
0 28 0 4 7180
1 27 0 4 7948
0 7 0 5 3596
1 25 0 5 3852
0 27 0 5 5644
0 18 0 5 7436
1 24 0 5 7692
0 7 0 6 268
0 16 0 6 2316
0 24 0 6 4108
1 5 0 6 4364
0 27 0 6 7180
1 19 0 7 12
0 26 0 7 780
0 21 0 7 3596
1 22 0 7 3852
0 20 0 7 6668
0 28 0 7 7436
1 23 0 7 7692
0 25 0 0 2317
0 26 0 0 3341
0 15 0 0 4109
1 17 0 0 4365
0 26 0 0 6157
0 21 0 1 781
0 26 0 1 1805
0 25 0 1 2829
0 8 0 1 5645
1 11 0 1 6669
0 17 0 2 1293
0 15 0 2 3085
0 20 0 2 4109
0 28 0 2 7949
1 27 0 3 13
0 28 0 3 781
0 24 0 3 1805
0 28 0 3 3597
1 23 0 3 3853
0 24 0 3 4621
0 26 0 3 6669
0 16 0 4 1293
0 16 0 4 2317
0 13 0 4 5133
0 28 0 5 2829
0 24 0 5 3597
0 26 0 6 269
0 24 0 6 2317
0 27 0 6 5133
0 25 0 6 7949
0 14 0 7 781
1 7 0 7 1805
0 22 0 7 2829
1 19 0 7 3597
0 23 0 7 4621
0 26 0 7 5645
0 24 0 7 6669
0 29 0 0 270
0 9 0 0 1294
0 17 0 0 4110
1 27 0 0 4366
0 25 0 0 6926
1 22 0 0 7182
0 14 0 1 782
0 27 0 1 1806
1 18 0 1 2830
0 27 0 1 3598
1 21 0 1 7694
0 27 0 2 270
1 16 0 2 2318
0 11 0 2 4110
0 27 0 2 5134
0 28 0 2 6158
0 29 0 3 3598
0 14 0 3 5646
0 26 0 4 1294
0 10 0 4 5134
0 29 0 4 6158
1 21 0 4 7182
0 20 0 5 782
0 18 0 5 3598
0 23 0 5 4622
0 22 0 6 270
0 16 0 6 5134
0 13 0 6 6158
0 15 0 7 782
0 26 0 7 1806
0 29 0 7 4622
0 15 0 7 5646
0 28 0 0 5135
1 23 0 0 6927
0 24 0 0 7951
0 29 0 1 783
0 19 0 1 1807
0 11 0 1 2575
1 24 0 1 3855
0 21 0 1 5647
1 17 0 2 1295
0 20 0 2 3087
0 15 0 2 6927
1 23 0 2 7183
0 21 0 3 1807
0 26 0 3 5647
0 11 0 3 7439
0 26 0 4 2063
0 25 0 4 6159
0 7 0 5 1807
0 25 0 5 4623
1 5 0 5 5647
0 20 0 5 6415
0 29 0 6 1295
0 17 0 6 5135
0 28 0 6 7951
0 9 0 7 783
1 26 0 7 1807
0 28 0 7 2575
1 23 0 7 2831
0 17 0 7 3599
0 15 0 7 4623
0 27 0 7 7439
0 18 0 0 272
1 25 0 0 2320
0 28 0 0 3088
0 26 0 0 7952
0 19 0 1 1808
0 24 0 1 4624
1 20 0 1 5648
0 25 0 1 7440
0 11 0 2 272
0 15 0 2 1296
0 12 0 2 3088
0 24 0 2 4112
0 17 0 2 5136
0 24 0 3 3600
0 13 0 3 5648
0 18 0 3 6416
1 28 0 3 6672
0 20 0 3 7440
1 28 0 4 272
0 20 0 4 2064
1 27 0 4 2320
0 11 0 4 3088
0 20 0 4 5136
0 17 0 4 5904
1 9 0 4 6160
0 9 0 4 6928
0 25 0 4 7952
0 11 0 5 784
0 9 0 5 1808
0 11 0 5 2576
1 3 0 5 2832
0 12 0 5 3600
0 12 0 5 4624
0 11 0 5 5648
0 13 0 5 6416
0 7 0 5 7440
1 17 0 5 7696
0 11 0 6 272
0 8 0 6 1296
0 16 0 6 2064
0 13 0 6 3088
1 18 0 6 3344
0 12 0 6 4112
0 13 0 6 5136
0 17 0 6 5904
0 12 0 6 6928
1 9 0 6 7184
0 12 0 6 7952
0 28 0 7 784
0 15 0 7 1808
0 20 0 7 2576
0 9 0 7 3600
1 13 0 7 3856
0 18 0 7 4624
2 3 0 7 4880
0 27 0 7 5648
0 14 0 7 6416
0 6 0 7 7440
1 20 0 7 7696
0 17 0 0 273
0 19 0 0 1297
0 17 0 0 2065
0 19 0 0 3089
0 13 0 0 4113
0 13 0 0 5137
0 10 0 0 5905
0 17 0 0 6929
1 17 0 0 7185
0 9 0 0 7953
0 7 0 1 785
0 19 0 1 1809
0 10 0 1 2577
1 9 0 1 2833
0 17 0 1 3601
0 7 0 1 4625
0 16 0 1 5649
0 11 0 1 6417
0 8 0 1 7441
0 9 0 2 273
0 19 0 2 1297
0 14 0 2 2065
0 16 0 2 3089
0 14 0 2 4113
0 13 0 2 5137
0 7 0 2 5905
1 22 0 2 6161
0 10 0 2 6929
1 14 0 2 7185
0 10 0 2 7953
0 25 0 3 785
0 14 0 3 1809
1 6 0 3 2833
0 12 0 3 3601
0 14 0 3 4625
0 24 0 3 5649
0 6 0 3 6417
1 4 0 3 6673
0 9 0 3 7441
0 8 0 4 273
0 25 0 4 1297
0 6 0 4 2065
0 7 0 4 3089
1 4 0 4 3345
0 15 0 4 4113
0 11 0 4 5137
0 21 0 4 5905
0 15 0 4 6929
1 10 0 4 7185
0 15 0 4 7953
0 14 0 5 785
0 13 0 5 1809
0 13 0 5 2577
1 14 0 5 2833
0 22 0 5 3601
0 26 0 5 5649
0 14 0 5 6417
0 12 0 5 7441
0 26 0 6 273
0 9 0 6 1297
0 7 0 6 2065
0 22 0 6 3089
0 7 0 6 4113
0 7 0 6 5137
0 20 0 6 5905
1 12 0 6 6161
0 12 0 6 6929
0 10 0 6 7953
0 11 0 7 785
0 20 0 7 1809
0 10 0 7 2577
1 12 0 7 2833
0 8 0 7 3601
0 13 0 7 4625
0 6 0 7 5649
0 13 0 7 6417
1 26 0 7 6673
0 6 0 7 7441
0 15 0 0 274
0 9 0 0 1298
0 6 0 0 2066
0 20 0 0 3090
1 8 0 0 3346
0 21 0 0 5138
0 11 0 0 5906
0 5 0 0 6930
1 4 0 0 7186
0 19 0 1 786
0 29 0 1 1810
0 4 0 1 2578
0 20 0 1 3602
0 12 0 1 4626
0 7 0 1 5650
0 15 0 1 6418
0 10 0 1 7442
0 14 0 2 274
0 11 0 2 1298
0 11 0 2 2066
0 12 0 2 3090
0 20 0 2 4114
0 25 0 2 5138
0 7 0 2 5906
0 9 0 2 6930
1 13 0 2 7186
0 23 0 2 7954
0 11 0 3 786
0 17 0 3 1810
0 7 0 3 2578
1 11 0 3 2834
0 13 0 3 3602
0 9 0 3 4626
0 12 0 3 5650
0 13 0 3 6418
1 23 0 3 6674
0 21 0 3 7442
0 16 0 4 274
0 16 0 4 1298
0 8 0 4 2066
0 12 0 4 4114
0 13 0 4 5138
0 15 0 4 5906
0 14 0 4 6930
1 10 0 4 7186
0 10 0 4 7954
0 5 0 5 786
0 8 0 5 1810
0 14 0 5 2578
1 19 0 5 2834
0 13 0 5 3602
0 13 0 5 4626
0 12 0 5 5650
0 27 0 5 6418
1 13 0 5 6674
0 14 0 5 7442
0 17 0 6 274
0 25 0 6 1298
0 16 0 6 2066
1 1 0 6 2322
0 23 0 6 3090
0 13 0 6 4114
0 13 0 6 5138
0 5 0 6 6162
0 10 0 6 6930
1 5 0 6 7186
0 7 0 6 7954
0 1 1 7 530
2 0 1 7 1298
1 20 1 7 1554
1 6 0 7 2834
0 1 1 7 4370
1 26 1 7 5394
1 28 1 7 6418
2 2 1 7 7442
1 15 0 7 7698
1 4 1 0 275
2 1 1 0 531
1 2 1 0 1299
0 3 1 0 1555
0 4 1 0 2067
0 4 1 0 2579
0 5 1 0 3091
0 5 1 0 3603
1 12 0 0 4371
0 7 1 0 4627
0 8 1 0 5139
0 9 1 0 5651
1 1 1 0 5907
0 11 1 0 6675
1 7 0 1 19
1 0 1 1 787
0 16 1 1 1043
0 18 1 1 2067
0 13 0 1 2835
0 20 1 1 3091
0 22 1 1 4115
1 5 0 1 4883
1 13 0 1 5907
0 25 1 1 6163
1 2 1 1 6675
0 27 1 1 7187
1 22 0 1 7699
1 4 1 2 19
0 26 1 2 275
0 29 1 2 1043
0 6 1 2 1555
1 7 1 2 2067
0 3 1 2 2579
1 9 1 2 3091
0 7 0 2 3347
2 0 1 2 3603
2 1 1 2 4627
1 10 0 2 5395
2 0 1 2 5651
1 11 1 2 5907
1 14 1 2 6931
1 15 1 2 7955
2 0 1 3 531
1 17 1 3 787
0 16 0 3 1811
2 1 0 3 2067
0 15 0 3 2835
0 15 0 3 3859
0 14 0 3 4627
1 27 0 3 4883
0 15 0 3 5651
1 20 0 3 5907
0 14 0 3 6675
0 9 0 3 7699
0 24 0 4 531
0 14 0 4 1299
1 16 0 4 1555
0 17 0 4 2323
1 16 0 4 2579
0 11 0 4 3347
0 11 0 4 4371
0 17 0 4 5139
1 16 0 4 5395
0 15 0 4 6163
1 27 0 4 6419
0 10 0 4 7187
0 25 0 5 19
0 13 0 5 1043
0 17 0 5 1811
1 15 0 5 2067
0 9 0 5 2835
0 15 0 5 3859
0 12 0 5 4883
0 20 0 5 5651
1 24 0 5 5907
0 15 0 5 7699
0 16 0 6 531
0 13 0 6 1555
0 15 0 6 2323
1 12 0 6 2579
0 8 0 6 3347
0 25 0 6 4371
0 22 0 6 5395
0 19 0 6 6163
1 11 0 6 6419
0 13 0 6 7187
0 17 0 7 19
0 16 0 7 1043
0 15 0 7 2067
0 22 0 7 2835
1 15 0 7 3091
0 14 0 7 3859
0 17 0 7 4883
0 16 0 7 5907
0 15 0 7 6675
0 12 0 7 7699
1 10 0 7 7955
0 7 0 0 532
0 7 0 0 1556
0 13 0 0 2580
0 16 0 0 3348
1 15 0 0 3604
0 12 0 0 4372
1 19 0 0 4628
0 4 0 0 5396
0 14 0 0 6420
0 17 0 0 7188
1 20 0 0 7444
0 6 0 1 20
1 21 0 1 276
0 8 0 1 1044
0 9 0 1 2068
0 14 0 1 2836
0 13 0 1 3860
1 18 0 1 4116
0 17 0 1 4884
0 9 0 1 5908
0 15 0 1 6932
0 6 0 1 7700
0 17 0 2 532
0 10 0 2 1556
0 26 0 2 2580
0 9 0 2 3348
1 17 0 2 3604
0 9 0 2 4372
1 18 0 2 4628
0 10 0 2 6420
0 12 0 2 7188
0 14 0 3 20
0 8 0 3 1044
0 21 0 3 2068
0 8 0 3 3092
0 11 0 3 3860
0 21 0 3 4884
0 8 0 3 5908
0 11 0 3 6932
0 14 0 3 7700
1 6 0 3 7956
0 12 0 4 532
0 13 0 4 1556
0 19 0 4 2580
0 15 0 4 3348
1 10 0 4 3604
0 15 0 4 4372
0 12 0 4 5396
0 18 0 4 6420
0 4 0 4 7188
0 15 0 5 20
1 11 0 5 276
0 8 0 5 1044
0 12 0 5 2068
0 11 0 5 2836
0 20 0 5 3860
0 22 0 5 4884
0 16 0 5 6932
0 10 0 5 7700
1 9 0 5 7956
0 14 0 6 532
0 25 0 6 1556
0 27 0 6 2580
0 13 0 6 3348
0 15 0 6 4372
0 18 0 6 5396
0 10 0 6 6420
0 11 0 6 7188
0 12 0 7 20
1 10 0 7 276
0 11 0 7 1044
0 15 0 7 2068
0 16 0 7 2836
0 22 0 7 3860
1 12 0 7 4116
0 23 0 7 4884
0 12 0 7 5908
0 13 0 7 6932
0 17 0 7 7700
1 8 0 7 7956
0 10 0 0 533
0 14 0 0 1557
0 9 0 0 2581
0 20 0 0 3349
2 2 0 0 4629
0 13 0 0 5397
0 7 0 0 6421
0 5 0 0 7189
0 14 0 1 21
0 21 0 1 1045
0 10 0 1 2069
0 13 0 1 2837
0 21 0 1 3861
0 6 0 1 4885
0 10 0 1 5909
0 8 0 1 6933
0 18 0 1 7701
0 13 0 2 533
0 15 0 2 1557
0 12 0 2 2581
0 29 0 2 3349
1 20 0 2 3605
0 10 0 2 4373
0 14 0 2 5397
0 8 0 2 6421
0 8 0 3 21
0 18 0 3 1045
0 17 0 3 2069
0 10 0 3 2837
0 10 0 3 3861
0 15 0 3 4885
0 6 0 3 5909
0 22 0 3 6933
0 11 0 3 7701
1 7 0 3 7957
0 16 0 4 533
0 12 0 4 1557
0 11 0 4 2581
0 8 0 4 3349
0 12 0 4 4373
1 16 0 4 4629
0 17 0 4 5397
0 23 0 4 6421
0 20 0 4 7189
1 5 0 4 7445
0 15 0 5 21
0 20 0 5 1045
0 7 0 5 2069
0 10 0 5 2837
0 17 0 5 3861
0 8 0 5 4885
0 13 0 5 6933
0 10 0 6 533
0 15 0 6 1557
0 5 0 6 2581
0 24 0 6 3349
1 6 0 6 3605
0 5 0 6 4373
0 14 0 6 5397
0 15 0 6 6421
0 19 0 6 7189
0 7 0 7 21
1 17 0 7 277
0 14 0 7 1045
0 8 0 7 2837
0 27 0 7 3861
0 8 0 7 5909
0 8 0 7 6677
0 11 0 7 7701
1 4 0 7 7957
0 18 0 0 534
0 5 0 0 1558
0 11 0 0 2582
0 10 0 0 3350
0 8 0 0 4374
0 15 0 0 5398
0 9 0 0 6422
0 24 0 0 7190
1 10 0 0 7446
0 17 0 1 22
0 8 0 1 1046
0 15 0 1 2070
0 16 0 1 2838
1 8 0 1 3094
0 13 0 1 3862
1 21 0 1 4118
0 25 0 1 4886
0 23 0 1 6934
0 28 0 1 7702
0 12 0 2 534
0 14 0 2 1558
0 19 0 2 2582
0 19 0 2 3350
1 7 0 2 3606
0 10 0 2 4374
0 15 0 2 5398
0 11 0 2 6422
0 20 0 2 7190
1 11 0 2 7446
0 18 0 3 22
0 13 0 3 1046
0 20 0 3 2070
0 5 0 3 2838
0 5 0 3 3862
1 20 0 3 4118
0 9 0 3 4886
0 13 0 3 5910
0 8 0 3 6678
0 18 0 3 7702
2 3 0 3 7958
0 14 0 4 534
0 12 0 4 1558
0 21 0 4 2582
0 21 0 4 3350
1 8 0 4 3606
0 19 0 4 4374
0 14 0 4 5398
0 15 0 4 6422
0 8 0 4 7190
0 7 0 5 22
1 10 0 5 278
0 9 0 5 1046
0 15 0 5 2070
0 18 0 5 3862
1 21 0 5 4118
0 16 0 5 5910
0 12 0 5 6678
0 11 0 5 7702
1 16 0 5 7958
0 4 0 6 534
0 17 0 6 2582
0 15 0 6 3350
1 11 0 6 3606
0 8 0 6 4374
0 4 0 6 5398
2 3 0 6 5654
1 20 0 6 6422
0 25 0 6 7190
1 13 0 6 7446
0 10 0 7 22
0 6 0 7 1046
0 13 0 7 2070
0 6 0 7 2838
1 5 0 7 3094
0 14 0 7 3862
0 7 0 7 4886
0 9 0 7 5910
0 13 0 7 6678
1 8 0 7 6934
0 26 0 7 7702
0 18 0 0 535
0 15 0 0 1559
0 13 0 0 2583
0 12 0 0 3351
1 12 0 0 3607
0 22 0 0 4375
0 7 0 0 5399
0 10 0 0 6423
0 7 0 0 7191
1 16 0 0 7447
0 14 0 1 23
0 18 0 1 1047
0 17 0 1 2071
0 6 0 1 2839
0 15 0 1 3863
0 13 0 1 4887
0 12 0 1 5911
0 17 0 1 6679
1 18 0 1 6935
0 4 0 1 7703
1 6 0 1 7959
0 19 0 2 535
0 10 0 2 1559
0 11 0 2 2583
0 17 0 2 3351
1 8 0 2 3607
0 9 0 2 4375
0 20 0 2 6423
0 18 0 2 7191
1 13 0 2 7447
0 6 0 3 23
0 18 0 3 1047
0 16 0 3 2071
0 7 0 3 2839
0 19 0 3 3863
0 9 0 3 4887
0 13 0 3 5911
0 19 0 3 6679
0 8 0 3 7703
1 12 0 3 7959
0 22 0 4 535
0 15 0 4 1559
0 17 0 4 2583
0 16 0 4 3351
1 14 0 4 3607
0 13 0 4 4375
2 1 0 4 4631
0 13 0 4 5399
0 12 0 4 6423
0 4 0 4 7191
1 2 0 4 7447
0 23 0 5 23
0 14 0 5 1047
0 13 0 5 2839
0 11 0 5 3863
0 13 0 5 5911
0 15 0 5 6679
0 19 0 5 7703
1 10 0 5 7959
0 16 0 6 535
0 15 0 6 1559
0 23 0 6 2583
0 11 0 6 3351
1 18 0 6 3607
0 13 0 6 4375
0 27 0 6 5399
0 13 0 6 6423
0 22 0 6 7191
1 21 0 6 7447
0 10 0 7 23
0 19 0 7 1047
0 15 0 7 2071
0 22 0 7 2839
0 9 0 7 3863
0 23 0 7 4887
0 6 0 7 5911
0 16 0 7 6679
1 8 0 7 6935
0 13 0 7 7703
0 15 0 0 536
0 13 0 0 1560
0 17 0 0 2328
0 17 0 0 3352
0 13 0 0 4376
0 24 0 0 5400
0 9 0 0 6424
0 13 0 0 7192
1 2 0 0 7448
0 16 0 1 24
0 6 0 1 2072
0 17 0 1 2840
0 16 0 1 3864
0 9 0 1 4888
0 12 0 1 5912
0 12 0 1 6680
0 6 0 1 7704
1 14 0 1 7960
0 12 0 2 1560
0 8 0 2 2328
0 12 0 2 3352
1 17 0 2 3608
0 10 0 2 4376
0 24 0 2 5400
0 8 0 2 6424
0 15 0 2 7192
1 18 0 2 7448
0 8 0 3 24
0 25 0 3 1048
0 7 0 3 2072
0 27 0 3 2840
1 24 0 3 3096
0 5 0 3 3864
0 11 0 3 4888
0 24 0 3 6680
1 4 0 3 6936
0 12 0 3 7704
0 12 0 4 536
0 11 0 4 1560
0 14 0 4 2328
0 10 0 4 3352
1 15 0 4 3608
0 18 0 4 4376
0 9 0 4 5400
0 16 0 4 6424
0 9 0 4 7192
0 24 0 5 24
0 10 0 5 1048
0 11 0 5 2072
0 12 0 5 2840
0 16 0 5 3864
0 8 0 5 4888
0 18 0 5 5912
0 20 0 5 6680
1 13 0 5 6936
0 14 0 5 7704
1 24 0 5 7960
0 11 0 6 536
0 14 0 6 1560
0 13 0 6 2328
0 8 0 6 3352
0 7 0 6 4376
0 19 0 6 5400
0 14 0 6 6424
0 11 0 6 7192
1 12 0 6 7448
0 20 0 7 24
0 15 0 7 1048
0 8 0 7 2072
0 15 0 7 2840
1 9 0 7 3096
0 12 0 7 3864
0 22 0 7 4888
0 10 0 7 5912
0 19 0 7 6680
1 7 0 7 6936
0 15 0 7 7704
0 14 0 0 537
0 23 0 0 1561
0 6 0 0 2329
0 11 0 0 3353
1 16 0 0 3609
0 15 0 0 4377
0 11 0 0 5401
0 11 0 0 6425
0 13 0 0 7193
1 12 0 0 7449
0 14 0 1 25
0 4 0 1 1049
0 12 0 1 2073
0 6 0 1 2841
0 11 0 1 3865
0 9 0 1 4889
0 22 0 1 5913
0 9 0 1 6681
0 16 0 1 7705
1 9 0 1 7961
0 10 0 2 537
0 10 0 2 1561
0 21 0 2 2329
1 11 0 2 2585
0 5 0 2 3353
0 8 0 2 4377
0 8 0 2 5401
0 16 0 2 6425
0 3 0 2 7193
1 18 0 2 7449
0 13 0 3 25
0 13 0 3 1049
0 12 0 3 2073
0 6 0 3 2841
0 18 0 3 3865
0 5 0 3 4889
0 11 0 3 5913
0 25 0 3 6681
1 29 0 3 6937
0 16 0 3 7705
0 13 0 4 537
0 13 0 4 1561
0 4 0 4 2329
0 9 0 4 3353
0 14 0 4 4377
0 12 0 4 5401
0 13 0 4 6169
0 14 0 4 7193
1 8 0 4 7449
0 12 0 5 25
0 17 0 5 1049
0 19 0 5 2073
0 9 0 5 2841
1 3 0 5 3097
0 26 0 5 3865
0 5 0 5 4889
0 8 0 5 5913
0 3 0 5 6681
0 13 0 5 7705
0 7 0 6 537
0 7 0 6 1561
0 8 0 6 2329
0 14 0 6 3353
1 16 0 6 3609
0 6 0 6 4377
0 13 0 6 5401
0 29 0 6 6169
1 13 0 6 6425
0 21 0 6 7193
0 11 0 7 25
0 14 0 7 1049
0 9 0 7 2073
0 6 0 7 2841
1 3 0 7 3097
0 13 0 7 3865
2 2 0 7 4121
0 21 0 7 4889
0 22 0 7 5913
0 19 0 7 6681
1 2 0 7 6937
0 18 0 7 7705
0 14 0 0 538
0 24 0 0 1562
0 25 0 0 2330
1 15 0 0 2586
0 14 0 0 3354
1 13 0 0 3610
0 13 0 0 4378
0 11 0 0 5402
0 16 0 0 7194
1 9 0 0 7450
0 10 0 1 26
0 6 0 1 1050
0 7 0 1 2074
0 10 0 1 2842
1 11 0 1 3098
0 11 0 1 3866
0 5 0 1 4890
0 15 0 1 5914
0 19 0 1 6682
0 11 0 2 538
0 27 0 2 1562
0 12 0 2 2330
0 8 0 2 3354
0 6 0 2 4378
0 9 0 2 5402
0 18 0 2 6170
1 4 0 2 6426
0 14 0 2 7194
1 5 0 2 7450
0 14 0 3 26
0 16 0 3 1050
0 16 0 3 2074
0 14 0 3 2842
1 18 0 3 3098
0 5 0 3 3866
0 11 0 3 4890
0 17 0 3 5914
0 4 0 3 6682
1 11 0 3 6938
0 10 0 3 7706
0 15 0 4 538
0 11 0 4 1562
0 4 0 4 2330
0 17 0 4 3354
1 12 0 4 3610
0 18 0 4 4378
0 6 0 4 5402
0 15 0 4 7194
0 13 0 5 26
0 15 0 5 1050
0 20 0 5 2074
0 4 0 5 2842
0 22 0 5 3866
0 14 0 5 4890
0 8 0 5 5914
0 9 0 5 6682
0 11 0 5 7706
0 7 0 6 538
0 14 0 6 1562
0 9 0 6 2330
0 9 0 6 3354
1 15 0 6 3610
0 10 0 6 4378
0 20 0 6 5402
0 10 0 6 6170
0 23 0 6 7194
0 6 0 7 26
0 16 0 7 1050
0 13 0 7 2074
0 12 0 7 2842
1 18 0 7 3098
0 7 0 7 3866
0 9 0 7 4890
0 19 0 7 5914
0 16 0 7 6682
1 7 0 7 6938
0 13 0 7 7706
0 10 0 0 539
0 1 1 0 795
1 13 1 0 1819
0 1 1 0 2075
1 21 1 0 2331
1 10 0 0 3611
1 25 1 0 5147
1 27 1 0 6171
1 29 1 0 7195
2 2 1 0 7707
0 4 1 1 2331
0 5 1 1 3355
0 5 1 1 3867
0 7 1 1 4891
0 9 1 1 6171
1 1 1 1 6427
0 11 1 1 7195
1 1 1 1 7451
0 13 1 1 7707
1 4 0 1 7963
0 13 1 2 27
2 1 0 2 795
0 15 1 2 1051
0 25 1 2 1819
0 17 1 2 2075
0 18 1 2 2587
0 21 1 2 2843
1 1 1 2 4379
1 1 1 2 6939
0 13 0 2 7451
1 2 1 2 7963
0 29 1 3 795
0 6 1 3 1819
2 3 0 3 2331
1 6 1 3 2587
0 4 1 3 2843
1 8 1 3 3611
1 11 0 3 5147
1 10 1 3 5659
1 13 1 3 6427
1 15 1 3 7451
1 16 1 4 283
0 0 1 4 539
1 0 0 4 795
1 16 0 4 1819
0 6 0 4 2587
0 16 0 4 3611
0 9 0 4 4379
0 6 0 4 5403
1 10 0 4 5659
0 16 0 4 6427
0 28 0 4 7451
0 17 0 5 1051
1 11 0 5 1307
0 19 0 5 2075
0 17 0 5 3099
0 14 0 5 4123
0 13 0 5 4891
1 17 0 5 5147
0 10 0 5 5915
0 9 0 5 6939
0 18 0 5 7963
0 21 0 6 539
1 13 0 6 795
0 12 0 6 1563
1 24 0 6 1819
0 18 0 6 4635
0 19 0 6 5403
0 22 0 6 6427
0 9 0 6 7451
1 19 0 6 7707
0 18 0 7 283
0 15 0 7 1307
0 15 0 7 2075
1 16 0 7 2331
0 9 0 7 3099
0 14 0 7 4123
0 20 0 7 5147
0 9 0 7 5915
1 5 0 7 6171
0 11 0 7 6939
0 16 0 7 7963
0 7 0 0 796
0 20 0 0 1564
0 15 0 0 2588
0 9 0 0 3612
2 3 0 0 3868
0 12 0 0 4636
0 9 0 0 5660
0 23 0 0 6428
0 9 0 0 7452
0 12 0 1 284
0 17 0 1 1308
0 6 0 1 2076
0 6 0 1 3100
0 15 0 1 4124
0 13 0 1 5148
0 14 0 1 5916
0 9 0 1 6940
1 12 0 1 7196
0 9 0 1 7964
0 13 0 2 2588
1 15 0 2 2844
0 20 0 2 3612
0 9 0 2 4636
0 16 0 2 5660
0 9 0 2 6428
0 7 0 2 7452
1 9 0 2 7708
0 10 0 3 284
0 26 0 3 1308
0 8 0 3 2076
0 13 0 3 3100
0 14 0 3 4124
2 3 0 3 4380
0 9 0 3 5148
0 17 0 3 6172
0 19 0 3 7964
1 17 0 4 28
0 18 0 4 796
0 7 0 4 1820
0 6 0 4 3612
1 9 0 4 3868
0 17 0 4 4636
0 20 0 4 5660
0 17 0 4 6428
1 19 0 4 6684
0 13 0 4 7452
1 2 0 4 7708
0 4 0 5 284
0 27 0 5 1308
0 8 0 5 3100
0 7 0 5 4124
0 6 0 5 5148
0 11 0 5 6172
0 7 0 5 6940
1 11 0 5 7196
0 7 0 5 7964
0 17 0 6 796
0 8 0 6 1820
0 24 0 6 2588
1 20 0 6 2844
0 10 0 6 4636
0 17 0 6 5660
0 11 0 6 6428
0 13 0 6 7452
1 13 0 6 7708
0 5 0 7 284
0 8 0 7 1308
0 17 0 7 2332
0 18 0 7 3100
0 8 0 7 4124
0 12 0 7 5148
0 3 0 7 6172
0 17 0 7 6940
1 11 0 7 7196
0 12 0 7 7964
0 11 0 0 797
0 12 0 0 1821
0 12 0 0 2589
0 15 0 0 3613
1 14 0 0 3869
0 14 0 0 4637
0 16 0 0 5661
0 14 0 0 6685
0 17 0 0 7453
1 10 0 0 7709
0 13 0 1 285
0 8 0 1 1309
0 8 0 1 2333
0 9 0 1 3101
1 11 0 1 3357
0 12 0 1 4125
0 20 0 1 5149
0 22 0 1 6173
0 10 0 1 6941
0 22 0 1 7965
0 4 0 2 797
0 14 0 2 1821
0 14 0 2 2589
0 3 0 2 3613
0 16 0 2 4637
0 7 0 2 5661
0 16 0 2 6429
0 7 0 2 7453
0 9 0 3 285
0 7 0 3 1309
0 15 0 3 2333
0 9 0 3 3101
0 15 0 3 4125
0 10 0 3 5149
0 5 0 3 6173
0 15 0 3 6941
1 15 0 3 7197
0 22 0 3 7965
0 7 0 4 797
0 6 0 4 1821
0 12 0 4 2589
0 13 0 4 3613
1 20 0 4 3869
0 25 0 4 4637
0 10 0 4 5661
0 4 0 4 6429
0 7 0 4 7453
1 8 0 4 7709
0 9 0 5 285
0 18 0 5 1309
0 14 0 5 2077
0 12 0 5 3101
1 9 0 5 3357
0 8 0 5 4125
1 12 0 5 4381
0 11 0 5 5149
0 6 0 5 6173
0 13 0 5 6941
1 18 0 5 7197
0 15 0 5 7965
0 17 0 6 797
0 8 0 6 1821
0 5 0 6 2589
0 7 0 6 3613
0 18 0 6 4637
0 13 0 6 5661
0 7 0 6 6429
0 13 0 6 7453
1 15 0 6 7709
0 23 0 7 285
0 11 0 7 1309
1 8 0 7 2333
0 16 0 7 3101
1 16 0 7 3357
0 10 0 7 4125
1 7 0 7 4381
0 11 0 7 5149
0 16 0 7 6173
0 20 0 7 6941
0 14 0 7 7965
0 8 0 0 798
0 11 0 0 1822
0 4 0 0 2590
0 10 0 0 3614
0 22 0 0 4638
0 16 0 0 5662
0 14 0 0 7454
1 13 0 0 7710
0 15 0 1 286
0 5 0 1 1310
0 11 0 1 2334
0 21 0 1 3102
0 10 0 1 4126
0 5 0 1 5150
0 11 0 1 6174
0 9 0 1 6942
1 12 0 1 7198
0 11 0 1 7966
0 8 0 2 798
0 23 0 2 1822
0 11 0 2 2590
0 20 0 2 3614
0 15 0 2 4638
0 11 0 2 5662
0 11 0 2 6430
0 7 0 2 7454
1 18 0 2 7710
0 6 0 3 286
0 9 0 3 1310
0 4 0 3 2334
0 8 0 3 3102
1 12 0 3 3358
0 7 0 3 4126
0 10 0 3 5150
0 12 0 3 6174
0 12 0 3 6942
1 15 0 3 7198
0 10 0 3 7966
0 14 0 4 798
0 12 0 4 1822
0 3 0 4 2590
0 14 0 4 3614
0 8 0 4 4638
2 2 0 4 4894
0 13 0 4 5662
0 8 0 4 6430
0 14 0 4 7454
1 5 0 4 7710
0 11 0 5 286
0 15 0 5 1310
0 15 0 5 2078
0 13 0 5 3102
1 10 0 5 3358
0 11 0 5 4126
0 20 0 5 5150
0 16 0 5 6174
0 21 0 5 6942
1 9 0 5 7198
0 14 0 5 7966
1 19 0 6 30
0 8 0 6 798
0 14 0 6 1822
0 11 0 6 2590
1 5 0 6 2846
0 12 0 6 3614
1 5 0 6 3870
0 23 0 6 4638
0 13 0 6 5662
0 9 0 6 6430
1 13 0 6 6686
0 15 0 6 7454
1 6 0 6 7710
0 14 0 7 286
0 9 0 7 1310
0 9 0 7 2078
0 11 0 7 3102
0 9 0 7 4126
0 11 0 7 6174
2 2 0 7 7198
0 13 0 7 7966
0 16 0 0 799
0 6 0 0 1823
0 20 0 0 2591
0 14 0 0 3615
0 17 0 0 4639
0 21 0 0 5663
0 14 0 0 6431
0 11 0 0 7455
1 19 0 0 7711
0 16 0 1 287
0 7 0 1 1311
0 9 0 1 2335
0 21 0 1 3103
0 22 0 1 4127
0 18 0 1 5151
0 7 0 1 6175
0 22 0 1 6943
0 10 0 1 7967
0 14 0 2 799
0 17 0 2 1823
