25 1 0 0 482
29 0 0 0 489
22 1 0 0 497
21 0 0 0 504
26 1 0 0 534
25 0 0 0 542
26 1 0 0 549
20 0 0 0 557
18 1 0 0 602
18 0 0 0 654
19 1 0 0 655
19 1 0 0 700
28 0 0 0 707
22 0 0 0 737
28 1 0 0 738
22 0 0 0 760
25 1 0 0 768
18 0 0 0 805
10 1 0 0 827
22 0 0 0 850
28 1 0 0 858
21 0 0 0 865
27 1 0 0 873
19 0 0 0 903
26 0 0 0 918
21 1 0 0 926
21 1 0 0 986
24 0 0 0 993
25 1 0 0 994
24 0 0 0 1000
25 1 0 0 1001
17 0 0 0 1038
26 1 0 0 1061
24 0 0 0 1091
23 0 0 0 1098
27 1 0 0 1113
28 0 0 0 1128
21 1 0 0 1129
25 0 0 0 1151
5 12 0 0 1152
9 64 0 0 1153
22 12 0 0 1191
5 4 0 0 1285
19 12 0 0 1326
25 1 0 0 1329
21 0 0 0 1372
20 1 0 0 1373
28 0 0 0 1380
16 0 0 0 1417
22 1 0 0 1425
25 0 0 0 1432
22 0 0 0 1455
27 0 0 0 1470
29 1 0 0 1471
15 0 0 0 1500
26 1 0 0 1501
21 0 0 0 1508
23 1 0 0 1523
29 0 0 0 1590
23 1 0 0 1591
27 0 0 0 1605
24 1 0 0 1614
12 0 0 0 1651
25 0 0 0 1658
19 1 0 0 1659
25 0 0 0 1665
19 65 0 0 1820
5 4 0 0 1821
5 1 0 0 1822
18 4 0 0 1958
23 64 0 0 1959
5 4 0 0 2105
4 65 0 0 2152
23 1 0 0 2154
26 1 0 0 2170
27 0 0 0 2192
26 0 0 0 2215
18 1 0 0 2222
21 0 0 0 2230
19 0 0 0 2237
28 1 0 0 2238
24 0 0 0 2260
27 1 0 0 2275
23 0 0 0 2282
26 1 0 0 2343
25 0 0 0 2365
21 1 0 0 2418
20 0 0 0 2448
20 0 0 0 2455
22 1 0 0 2456
19 4 0 0 2463
21 64 0 0 2465
1 65 0 0 2466
