0 5 1 0 258
0 8 1 0 2050
0 9 1 0 2562
1 1 1 0 2818
0 10 1 0 3074
0 11 1 0 3586
1 13 0 0 4866
1 0 1 0 5634
0 17 1 0 6402
0 18 1 0 6914
0 23 1 1 1026
0 25 1 1 2306
1 2 1 1 2562
0 26 1 1 2818
0 27 1 1 3330
0 27 1 1 3842
0 16 0 1 4354
0 6 1 1 5122
1 6 1 1 5634
1 6 1 1 6146
1 7 1 1 6914
0 7 1 1 7426
1 10 1 1 7682
0 2 1 1 7938
0 0 0 2 258
0 26 0 2 1026
1 13 1 2 1794
1 16 1 2 2306
2 2 1 2 2562
1 14 1 2 2818
1 17 1 2 3330
1 17 1 2 3842
1 17 1 2 4354
1 17 0 2 4866
0 12 0 2 5634
0 26 0 2 7682
0 23 0 3 1538
0 28 0 3 4354
0 27 0 4 3842
1 26 0 4 4866
0 22 0 4 5890
0 23 0 4 6914
0 24 0 5 2562
0 27 0 6 2050
0 23 0 6 3074
1 20 1 6 3330
1 19 0 6 4098
0 1 1 6 4866
0 1 1 6 5378
0 1 1 6 6402
1 25 1 6 6658
1 20 1 6 7170
1 27 1 6 7682
1 28 1 7 2
1 29 1 7 514
2 2 1 7 1026
0 5 1 7 4354
0 5 1 7 4866
0 6 1 7 5378
0 7 1 7 5890
0 10 1 7 7170
0 11 1 7 7682
1 0 1 7 7938
0 7 0 0 259
1 3 0 0 1283
0 17 1 0 2563
0 26 1 0 3331
0 19 1 0 3587
0 23 0 0 4099
0 21 1 0 4611
0 14 0 0 5123
0 27 1 0 5379
1 0 1 0 5891
0 25 1 0 6659
0 26 1 0 7171
1 2 1 0 7683
1 2 1 1 3
0 11 0 1 771
0 26 1 1 1283
0 6 1 1 2307
1 6 1 1 3331
0 2 1 1 3587
0 2 1 1 4099
0 11 0 1 4611
1 9 1 1 4867
2 1 1 1 5123
1 10 1 1 5891
0 1 1 1 6147
1 4 0 1 6659
1 14 1 1 7683
2 0 1 1 7939
1 17 1 2 3
1 16 0 2 2307
0 13 0 2 3075
1 29 0 2 3331
0 24 0 2 5123
0 18 0 2 6147
1 22 0 3 4611
0 25 0 3 5635
0 19 0 3 6659
0 29 0 4 259
1 18 0 4 1283
0 29 0 4 4355
0 21 0 5 3
1 22 0 5 1795
0 27 0 5 2819
0 28 0 5 5635
1 18 0 5 5891
0 16 0 5 6659
1 12 0 5 6915
0 20 0 6 515
0 17 0 6 1539
1 12 0 6 3331
0 16 0 6 4355
0 11 0 6 5379
0 23 0 7 1027
1 19 0 7 2051
0 16 0 7 3075
0 27 0 7 3843
1 28 0 7 4099
0 25 0 7 5891
1 16 0 7 6915
0 25 0 0 1540
1 23 0 0 3588
0 24 0 0 4356
0 18 0 1 260
0 18 0 1 3076
1 29 0 1 4868
0 17 0 1 7940
0 23 0 2 516
1 18 0 2 772
0 11 0 2 1540
0 26 0 2 4356
1 25 0 2 4612
0 24 0 2 5380
0 24 0 3 1028
0 7 0 3 2052
0 21 0 3 4868
1 18 0 3 5124
0 12 0 3 5892
0 9 0 4 516
1 7 0 4 2564
0 25 0 4 5380
0 27 0 5 4
1 24 0 5 260
0 16 0 5 1028
1 4 0 5 2052
0 23 0 5 3076
1 9 0 5 4100
0 10 0 5 4868
1 3 0 5 5124
0 28 0 5 5892
0 24 0 5 6916
0 21 0 6 516
1 17 0 6 772
0 18 0 6 2564
0 13 0 6 6404
0 12 0 7 4
0 23 0 7 7940
0 16 0 0 517
1 9 0 0 773
0 17 0 0 1541
1 18 0 0 2565
0 27 0 0 3589
0 24 0 0 6405
0 27 0 1 5
1 4 0 1 1029
0 15 0 1 2053
1 16 0 1 4101
0 22 0 1 4869
0 26 0 1 5893
1 6 0 1 6917
0 22 0 2 517
1 20 0 2 1541
0 18 0 2 2565
0 15 0 2 3589
0 26 0 3 3845
1 17 0 3 5893
1 28 0 4 1541
0 22 0 4 3589
0 20 0 4 5381
0 10 0 4 6405
0 25 0 5 5
0 8 0 5 2053
0 25 0 5 3845
1 28 0 5 4101
0 15 0 5 4869
0 22 0 5 6917
0 13 0 6 517
0 18 0 6 1541
0 26 0 6 4357
0 26 0 7 5
1 17 0 7 261
0 24 0 7 1029
1 19 0 7 2053
0 20 0 7 3077
0 28 0 7 4869
0 17 0 7 6917
0 23 0 7 7685
1 0 0 0 518
0 17 0 0 4358
0 29 0 0 6406
1 25 0 0 7430
0 23 0 1 6
0 29 0 1 2054
1 11 0 1 3078
0 15 0 1 3846
2 3 0 1 4102
0 28 0 1 4870
1 9 0 1 6918
0 25 0 2 2566
1 11 0 2 3334
0 29 0 2 4358
0 28 0 2 5382
1 12 0 2 6406
0 20 0 2 7430
0 24 0 3 3078
1 3 0 3 3846
0 27 0 3 4870
1 20 0 3 5894
0 23 0 3 7686
1 24 0 3 7942
0 26 0 4 1542
0 12 0 4 4358
0 28 0 4 6406
1 19 0 4 7174
0 13 0 5 6
1 20 0 5 262
0 27 0 5 1030
0 25 0 5 2054
0 26 0 5 3078
0 27 0 5 3846
0 13 0 6 518
0 5 0 6 1542
0 17 0 6 3334
1 6 0 6 4358
0 23 0 6 5382
1 17 0 6 7430
0 15 0 7 6
0 22 0 7 1030
0 20 0 7 3078
0 9 0 7 3846
0 24 0 7 7686
1 8 0 7 7942
0 29 0 0 519
1 5 0 0 3591
0 17 0 0 4359
0 24 0 1 7
0 22 0 1 4871
0 17 0 1 6919
0 18 0 1 7687
1 17 0 1 7943
0 25 0 2 2567
0 10 0 2 7175
1 6 0 2 7431
0 15 0 3 7
0 15 0 3 1031
1 8 0 3 2055
0 23 0 3 3847
0 22 0 3 5895
0 28 0 3 6919
0 16 0 3 7687
0 19 0 4 2567
0 21 0 4 4359
0 28 0 5 7
0 16 0 5 1031
0 28 0 5 2055
0 14 0 5 3847
0 10 0 5 4871
0 12 0 5 5895
1 25 0 5 6919
0 23 0 5 7687
0 22 0 6 1543
0 27 0 6 3335
1 19 0 6 3591
0 13 0 6 6407
0 27 0 7 7
0 16 0 7 2823
1 2 0 7 3079
0 14 0 7 3847
0 28 0 7 4871
1 22 0 7 7687
0 9 0 0 3336
1 20 0 0 3592
0 19 0 0 4360
0 26 0 0 5384
0 11 0 1 8
1 14 0 1 1032
0 21 0 1 2824
1 17 0 1 3080
0 29 0 1 3848
0 27 0 1 7688
0 15 0 2 4360
0 20 0 2 5384
0 20 0 3 1032
0 10 0 3 3848
0 21 0 3 4872
0 15 0 3 5896
0 29 0 3 7688
0 26 0 4 1544
1 20 0 4 2568
0 15 0 4 3336
0 17 0 4 5384
0 28 0 4 6408
0 18 0 5 3848
1 10 0 5 6664
0 23 0 6 3336
0 18 0 6 5384
1 2 0 6 6408
0 7 0 6 7176
1 10 0 6 7432
0 20 0 7 8
0 24 0 7 1032
0 28 0 7 2824
0 25 0 7 4872
1 5 0 7 5896
0 25 0 7 6664
1 19 0 7 6920
0 21 0 0 521
1 25 0 0 3337
0 21 0 0 5385
0 23 0 0 6153
1 18 0 0 6409
0 29 0 1 1033
1 3 0 1 2057
0 27 0 1 3849
0 29 0 1 4873
0 8 0 1 6665
1 9 0 1 7689
0 23 0 2 521
1 25 0 2 1545
0 13 0 2 2313
0 23 0 2 3337
0 29 0 2 4361
1 0 0 2 5385
0 18 0 2 6153
1 15 0 2 6409
0 22 0 3 9
0 18 0 3 5897
0 26 0 4 521
0 25 0 4 2313
0 28 0 4 6153
1 15 0 4 6409
0 11 0 5 2825
0 25 0 5 3849
0 14 0 5 6665
0 24 0 6 521
1 28 0 6 1545
0 15 0 6 2313
1 13 0 6 2569
0 26 0 6 3337
0 23 0 6 7177
0 12 0 7 3849
0 23 0 7 4873
0 25 0 7 7689
0 1 1 0 7434
1 17 0 1 2058
0 1 1 1 2826
2 1 1 1 3338
2 1 1 1 3850
1 27 1 1 4362
1 28 1 1 4874
1 28 1 1 5386
1 16 0 1 6922
0 3 1 1 7946
0 4 1 2 266
0 2 0 2 1546
0 6 1 2 2058
1 4 0 2 2570
0 8 1 2 3082
0 9 1 2 3594
0 10 1 2 4106
0 11 1 2 4618
1 1 1 2 4874
0 27 0 2 6410
1 0 1 3 522
0 21 1 3 778
0 21 1 3 1290
1 0 1 3 1802
0 12 0 3 2058
0 25 1 3 3082
0 25 1 3 3594
0 29 1 3 4106
0 0 0 3 4874
1 3 1 3 5130
0 3 0 3 5898
0 6 1 3 6410
1 7 1 3 7434
1 9 0 3 7946
1 10 1 4 1034
1 10 1 4 1546
1 13 1 4 2058
0 1 1 4 2314
1 15 1 4 3082
2 1 0 4 3594
1 16 1 4 4362
1 16 1 4 4874
0 0 1 4 5130
1 17 1 4 5386
0 15 0 4 6410
1 15 0 4 7434
0 26 0 5 10
1 10 0 5 266
0 23 0 5 4106
0 21 0 5 4874
0 28 0 5 7946
0 25 0 6 778
1 26 0 6 1546
0 25 0 6 2570
0 24 0 6 4618
1 14 0 6 5642
0 22 0 6 7434
0 22 0 7 1290
0 24 0 7 5130
0 11 0 0 1803
0 16 0 0 2827
1 17 0 0 3595
0 24 0 0 7435
1 23 0 1 267
0 29 0 1 1291
1 24 0 1 2315
0 23 0 1 3339
0 16 0 1 6155
0 13 0 1 7179
0 20 0 2 2827
0 10 0 2 5643
1 19 0 2 5899
0 21 0 2 6667
1 19 0 2 7691
0 15 0 3 1291
1 27 0 3 2315
0 21 0 3 4363
0 12 0 3 6155
1 26 0 3 7179
0 15 0 4 1803
0 29 0 4 4875
1 17 0 4 5643
0 10 0 4 6667
0 21 0 4 7691
0 24 0 5 2315
0 8 0 5 5131
1 15 0 5 5387
0 23 0 5 7179
0 17 0 6 11
0 26 0 6 1803
0 16 0 6 4875
0 16 0 6 5643
0 16 0 6 7691
0 25 0 7 1291
1 29 0 7 1547
0 14 0 7 2315
0 9 0 7 4363
0 17 0 0 2828
0 23 0 0 5644
1 18 0 0 5900
0 27 0 0 6668
0 29 0 1 524
1 18 0 1 1548
0 21 0 1 4364
0 26 0 2 1804
1 8 0 2 2060
0 19 0 2 2828
0 17 0 2 3852
0 11 0 2 5644
1 21 0 2 6668
0 24 0 2 7692
0 22 0 3 524
1 20 0 3 1292
0 23 0 3 4364
0 17 0 3 6156
0 25 0 4 12
0 16 0 4 1036
0 29 0 4 2828
0 23 0 4 3852
0 23 0 4 4876
0 17 0 5 1292
1 2 0 5 1548
0 22 0 5 2316
0 20 0 5 4364
0 18 0 5 5132
0 6 0 5 7180
0 22 0 6 12
1 15 0 6 1036
0 29 0 6 2828
0 7 0 6 4876
1 27 0 6 5900
0 15 0 7 524
0 7 0 7 2316
1 17 0 7 4364
0 20 0 7 5132
1 13 0 7 5388
0 22 0 7 6156
0 24 0 0 781
1 13 0 0 1037
0 14 0 0 1805
0 20 0 0 3853
0 24 0 0 7693
0 21 0 1 1293
1 29 0 1 1549
0 11 0 1 4365
0 25 0 1 6157
0 16 0 1 7181
0 10 0 2 13
0 25 0 2 1805
1 9 0 2 2829
0 19 0 2 5645
0 20 0 2 7693
0 13 0 3 525
0 28 0 3 2317
0 16 0 3 5133
1 9 0 3 5389
0 21 0 3 6157
1 25 0 3 7181
0 19 0 4 781
0 28 0 4 3853
0 24 0 4 4621
0 27 0 4 5645
0 18 0 5 1293
0 9 0 5 4365
0 18 0 5 5133
1 19 0 6 1037
0 28 0 6 3853
1 18 0 6 4877
0 27 0 6 6669
0 14 0 6 7693
1 16 0 7 269
0 29 0 7 3341
1 9 0 7 5389
0 26 0 7 6157
0 16 0 0 3854
1 13 0 0 4878
0 21 0 0 5646
0 29 0 0 6670
1 21 0 1 526
0 25 0 1 1294
1 5 0 1 2318
0 13 0 1 3342
0 29 0 1 4366
1 18 0 1 5134
1 22 0 2 14
0 26 0 2 4622
1 3 0 2 5646
0 19 0 2 6670
0 24 0 2 7694
1 23 0 3 526
0 16 0 3 1294
1 1 0 3 2318
0 19 0 3 5134
0 14 0 4 14
0 11 0 4 4622
0 29 0 4 7694
1 17 0 5 270
0 22 0 5 2318
0 22 0 5 3342
0 18 0 5 6158
0 18 0 5 7182
1 7 0 5 7950
0 28 0 6 782
0 17 0 6 1806
0 22 0 6 2830
0 16 0 6 3854
0 18 0 6 6670
0 24 0 7 270
1 15 0 7 526
0 10 0 7 3342
0 27 0 7 4110
1 26 0 7 4366
0 13 0 7 5134
1 26 0 7 6158
0 21 0 7 7182
0 14 0 7 7950
1 21 0 0 15
0 20 0 0 2831
0 21 0 0 6671
0 24 0 1 271
1 14 0 1 1295
0 8 0 1 5135
0 13 0 1 7183
0 26 0 1 7951
1 25 0 2 1807
0 21 0 2 2831
0 23 0 2 4623
1 6 0 2 5647
0 22 0 2 6671
0 23 0 3 2319
0 10 0 3 5135
0 22 0 4 783
0 24 0 4 1807
0 21 0 4 3599
1 25 0 4 3855
2 2 0 4 6671
0 20 0 4 7695
0 16 0 5 1295
1 26 0 5 2319
0 13 0 5 3343
0 22 0 5 5135
0 23 0 5 6159
0 17 0 5 7183
0 19 0 6 3599
1 9 0 6 3855
0 12 0 6 4623
0 29 0 7 271
0 11 0 7 6159
0 18 0 7 7183
0 7 0 0 1808
0 14 0 0 2832
1 16 0 0 3600
0 10 0 0 4624
0 24 0 1 1296
0 26 0 1 3344
0 21 0 1 5136
0 13 0 1 6160
1 16 0 2 1808
0 25 0 2 2832
0 28 0 2 3600
1 11 0 2 4624
0 24 0 3 272
0 26 0 3 2320
0 13 0 3 5136
0 15 0 3 7184
0 20 0 3 7952
0 21 0 4 784
0 17 0 4 2832
0 14 0 4 4624
0 27 0 4 6672
0 23 0 5 272
0 25 0 5 2320
0 27 0 5 4112
0 24 0 5 7952
0 24 0 6 2832
0 18 0 6 3600
1 28 0 6 5648
0 20 0 6 6672
0 15 0 7 1296
0 18 0 7 6160
0 16 0 7 7952
0 19 0 0 785
0 23 0 0 1809
1 2 0 0 2833
0 11 0 0 6673
0 29 0 0 7441
1 16 0 0 7697
0 20 0 1 273
0 24 0 1 4113
0 28 0 1 5137
0 28 0 1 6161
0 24 0 1 6929
1 14 0 1 7185
0 25 0 2 785
0 21 0 2 3601
0 12 0 2 6673
1 25 0 2 7441
0 28 0 3 1297
0 29 0 3 3089
1 14 0 3 4113
0 1 1 3 4625
2 0 1 3 5137
2 1 1 3 5649
1 20 1 3 5905
1 21 1 3 6417
1 22 1 3 6929
1 23 1 3 7441
1 24 1 3 7953
0 0 1 4 529
0 8 0 4 1041
2 3 1 4 1553
1 6 0 4 2065
0 1 1 4 2577
2 2 1 4 3089
0 2 1 4 4113
0 4 1 4 5905
0 5 1 4 6417
2 2 1 4 6929
0 6 1 4 7441
1 0 1 4 7697
0 8 1 4 7953
0 12 0 5 529
0 3 0 5 1553
0 12 1 5 2065
1 3 0 5 2577
0 14 1 5 3089
0 15 1 5 3601
0 16 1 5 4113
1 1 1 5 5137
0 10 0 5 5393
1 0 1 5 5649
0 21 1 5 5905
0 23 1 5 6929
0 25 1 5 7441
1 1 1 5 7953
0 25 1 6 17
1 2 1 6 273
0 25 1 6 529
0 26 1 6 1041
0 27 1 6 1553
1 5 1 6 2577
0 26 1 6 2833
0 6 1 6 3857
1 8 1 6 4113
0 4 1 6 4369
1 8 1 6 4881
1 7 1 6 5393
1 10 1 6 6417
1 12 0 6 6929
2 1 1 6 7185
1 24 0 6 7953
1 14 1 7 1041
2 0 1 7 1297
1 17 1 7 1553
2 0 1 7 1809
1 16 1 7 2065
1 10 0 7 3601
0 19 0 7 4369
1 28 0 7 4625
0 27 0 7 6417
0 28 0 7 7441
0 26 0 0 1042
1 27 0 0 2066
0 23 0 0 3090
0 24 0 0 4114
0 19 0 0 4882
1 25 0 0 5138
0 14 0 0 6930
0 27 0 1 1554
1 26 0 1 1810
0 15 0 1 5650
1 18 0 1 6418
0 15 0 2 1298
0 25 0 2 2066
1 19 0 2 2322
0 23 0 2 5138
0 12 0 2 7954
1 0 0 3 18
0 29 0 3 786
0 19 0 3 2834
0 22 0 3 3602
1 27 0 3 3858
0 19 0 3 5650
0 28 0 3 6674
0 27 0 4 3346
0 21 0 4 4114
1 21 0 4 6162
0 29 0 4 7186
0 21 0 5 18
1 25 0 5 1042
0 21 0 5 3858
1 20 0 6 2578
0 18 0 6 3346
0 20 0 6 4370
0 27 0 6 7186
0 22 0 7 786
1 17 0 7 3858
0 27 0 7 4882
0 19 0 7 6674
0 23 0 0 531
0 29 0 0 1299
1 25 0 0 1555
0 20 0 0 3347
0 23 0 0 5139
1 18 0 0 6163
0 19 0 1 19
0 29 0 1 787
1 25 0 1 1811
0 28 0 1 4883
0 28 0 1 6675
1 10 0 2 531
0 14 0 2 1299
1 15 0 2 1555
0 23 0 2 4371
0 19 0 2 7187
0 26 0 3 19
0 14 0 3 1811
0 23 0 3 3859
1 2 0 3 4883
0 15 0 3 6675
0 24 0 4 5139
1 18 0 4 6163
0 27 0 4 7187
0 23 0 5 787
1 12 0 5 1043
0 18 0 5 3859
0 14 0 5 5651
1 17 0 5 6675
0 23 0 6 1299
0 28 0 6 4371
1 18 0 6 5139
0 20 0 6 6163
0 14 0 7 19
0 14 0 7 1811
0 21 0 7 3859
0 14 0 7 5651
0 18 0 7 7699
0 29 0 0 532
0 22 0 0 1300
1 27 0 0 2324
0 9 0 0 3348
0 22 0 0 6164
1 6 0 0 7188
0 19 0 1 788
1 27 0 1 1044
0 20 0 1 1812
0 26 0 1 6676
1 27 0 1 7700
0 29 0 2 2324
0 15 0 2 7188
0 20 0 3 788
1 4 0 3 1812
0 24 0 3 4628
1 19 0 3 4884
0 18 0 3 5652
0 17 0 3 6676
0 23 0 4 276
1 12 0 4 532
0 16 0 4 1300
0 29 0 4 2324
0 17 0 4 3348
1 6 0 4 4372
0 26 0 4 6164
0 19 0 5 2836
0 26 0 5 4628
0 28 0 5 6676
0 21 0 6 276
1 10 0 6 532
0 18 0 6 1300
0 29 0 6 3348
1 3 0 6 6164
0 17 0 6 7188
0 25 0 7 20
1 7 0 7 788
0 14 0 7 1812
0 25 0 7 4628
1 14 0 7 5652
0 25 0 7 7700
1 26 0 0 533
0 16 0 0 4117
0 16 0 0 6165
0 12 0 1 789
0 12 0 1 2837
0 22 0 1 4629
1 15 0 1 5653
0 12 0 1 6677
0 17 0 2 277
1 19 0 2 2325
0 26 0 2 3349
0 17 0 2 4117
1 10 0 2 5141
0 24 0 3 789
0 16 0 3 2837
0 26 0 3 7701
0 18 0 4 1301
0 14 0 4 5141
0 9 0 5 1813
0 19 0 5 3605
0 28 0 6 3349
0 29 0 6 4117
0 25 0 6 7957
1 21 0 7 1813
0 14 0 7 2837
1 21 0 7 3861
0 25 0 7 4629
1 17 0 7 5653
0 21 0 7 6677
0 12 0 0 278
1 11 0 0 1302
0 29 0 0 5142
0 11 0 0 6166
0 17 0 0 7958
0 27 0 1 2838
0 21 0 1 3606
1 24 0 1 3862
0 23 0 1 7446
0 25 0 2 2326
0 25 0 2 3094
1 16 0 2 3350
0 27 0 2 4118
0 27 0 2 6166
0 28 0 3 790
0 26 0 3 1814
0 28 0 3 2838
0 28 0 3 3606
0 15 0 3 4630
0 24 0 3 6678
0 21 0 3 7446
1 19 0 3 7702
0 11 0 4 1302
0 14 0 4 2326
0 28 0 4 7190
0 26 0 4 7958
0 23 0 5 4630
0 12 0 5 5654
1 7 0 5 6678
0 12 0 6 1302
0 19 0 6 2326
0 23 0 6 3094
1 7 0 6 4118
0 11 0 6 5142
0 10 0 7 2838
0 21 0 7 3606
1 15 0 7 4630
0 11 0 7 5654
0 15 0 7 7446
0 15 0 0 1303
0 24 0 0 3095
1 28 0 0 3351
0 17 0 0 4119
0 12 0 0 6935
1 20 0 0 7191
0 29 0 1 791
0 28 0 1 4631
0 13 0 1 6679
1 16 0 1 7703
0 15 0 2 279
0 8 0 2 2327
0 15 0 2 5143
0 26 0 2 6935
1 19 0 3 791
0 24 0 3 1815
0 13 0 3 2839
0 22 0 3 4631
0 23 0 3 5655
1 13 0 3 6679
0 28 0 3 7447
0 22 0 4 279
0 25 0 4 2327
1 20 0 4 3095
0 15 0 4 4119
0 17 0 4 6935
1 20 0 4 7191
0 11 0 4 7959
1 9 0 5 23
0 16 0 5 791
0 26 0 5 2583
1 7 0 5 3607
0 9 0 5 4631
0 17 0 6 279
0 20 0 6 2327
0 23 0 6 5143
1 5 0 6 7191
0 22 0 6 7959
0 15 0 7 791
0 25 0 7 1815
0 23 0 7 2583
1 9 0 7 2839
0 14 0 7 3607
0 25 0 7 5655
0 25 0 7 7447
0 27 0 0 280
1 17 0 0 1304
0 28 0 0 3096
0 24 0 0 5144
0 26 0 0 7960
0 20 0 1 792
0 5 0 1 1816
0 19 0 1 3608
0 22 0 1 4632
1 2 0 1 5656
0 23 0 2 280
0 11 0 2 3096
1 12 0 2 5144
0 22 0 2 6168
0 11 0 2 6936
0 13 0 3 792
0 23 0 3 1816
0 29 0 3 3608
0 23 0 3 7448
0 25 0 4 3096
0 29 0 4 7960
0 29 0 5 3608
0 19 0 5 7448
0 19 0 6 1304
0 28 0 6 2072
1 19 0 6 2328
0 1 1 6 2840
1 19 1 6 3352
1 21 1 6 4632
1 22 1 6 5144
0 1 1 6 5400
1 23 1 6 5656
0 23 0 6 6168
2 1 1 6 6680
0 1 1 6 7192
1 28 1 6 7960
0 1 1 7 24
2 2 1 7 1048
1 26 0 7 2840
0 5 1 7 4376
0 6 1 7 4888
0 8 1 7 6168
0 21 0 7 6680
0 10 1 7 7192
1 5 0 7 7704
0 15 1 0 1305
0 18 1 0 2841
0 22 1 0 4377
1 1 1 0 4889
0 24 1 0 5657
0 26 1 0 6937
1 17 0 0 7193
0 27 1 0 7961
0 29 1 1 281
1 4 1 1 793
1 6 1 1 1305
2 1 1 1 1561
0 4 1 1 2073
1 8 1 1 2585
0 4 0 1 2841
1 7 1 1 3097
0 4 1 1 4889
1 16 1 1 6425
0 0 1 1 6681
1 15 1 1 6937
0 19 0 2 2329
0 18 0 2 3353
1 20 0 2 4377
0 17 0 2 7193
0 15 0 3 1817
0 20 0 3 2841
0 18 0 3 3865
0 10 0 3 7705
0 16 0 4 2329
1 19 0 4 3609
0 23 0 4 5401
0 26 0 5 1049
0 25 0 5 2841
1 27 0 5 3097
0 29 0 5 5913
0 26 0 5 6937
0 27 0 6 537
0 15 0 6 1561
0 19 0 6 3609
0 17 0 6 4377
1 27 0 6 4633
0 14 0 7 3097
0 17 0 7 5913
1 26 0 7 7961
0 20 0 0 1562
1 19 0 0 6426
0 13 0 1 2074
1 27 0 1 2330
0 20 0 1 5146
0 27 0 1 5914
0 17 0 2 794
0 7 0 2 1562
0 19 0 2 6426
0 17 0 3 282
0 24 0 3 4122
1 7 0 3 5146
0 26 0 4 794
1 15 0 4 1562
0 27 0 4 4634
1 12 0 4 5658
0 14 0 4 6426
0 16 0 5 282
0 23 0 5 4122
1 10 0 5 5914
0 24 0 5 6938
0 17 0 5 7962
0 21 0 6 1562
1 16 0 6 2586
0 8 0 6 5402
1 20 0 6 6426
0 23 0 7 1050
1 24 0 7 1306
0 17 0 7 2074
1 4 0 7 3098
0 27 0 7 7962
1 14 0 0 795
0 13 0 0 1563
1 26 0 0 1819
0 18 0 0 5403
1 15 0 0 5659
0 19 0 0 7451
1 25 0 1 1307
0 16 0 1 2075
0 22 0 1 3099
