0 0 1 7 4353
1 23 1 7 4865
0 18 0 7 6145
1 25 0 0 1794
0 21 0 0 3842
0 22 0 0 7682
0 13 1 0 7938
0 16 0 1 1282
1 17 0 1 3330
0 18 0 1 5122
1 29 0 1 5378
0 27 0 1 7170
0 0 1 2 2818
1 17 1 2 3074
1 18 0 2 3586
0 14 0 2 6658
0 25 0 4 5634
1 25 0 5 1282
0 22 0 5 3074
1 19 0 6 2818
0 2 1 6 7682
1 23 1 7 2
1 24 1 7 770
2 1 1 7 1026
1 25 1 7 1538
2 2 1 7 1794
1 26 1 7 2306
1 27 1 7 3074
0 0 0 7 3330
1 28 1 7 3842
0 1 1 7 4098
1 29 1 7 4610
0 2 1 7 4866
2 1 1 7 5378
2 3 1 7 6146
2 3 1 7 6914
0 9 1 0 7171
0 10 1 0 7939
0 11 1 1 259
0 12 1 1 1027
0 13 1 1 1795
0 14 1 1 2563
0 15 1 1 3331
0 16 1 1 4099
0 17 1 1 4867
0 18 1 1 5635
1 1 1 1 5891
0 19 1 1 6403
0 20 1 1 7171
0 21 1 1 7683
0 22 1 2 259
0 23 1 2 1027
0 24 1 2 1795
1 1 1 2 2051
0 25 1 2 2563
0 26 1 2 3331
0 27 1 2 4099
1 1 1 2 4355
0 28 1 2 4867
1 2 1 2 5123
0 29 1 2 5635
1 3 1 2 5891
1 11 1 3 5379
1 12 1 3 5891
1 13 1 3 6659
2 0 1 3 7171
1 14 1 3 7427
0 2 1 3 7939
1 15 1 4 3
1 16 1 4 771
0 2 1 4 1283
1 16 1 4 1539
1 17 1 4 2307
1 18 1 4 3075
1 19 1 4 3843
1 20 1 4 4611
1 21 1 4 5379
2 0 1 4 5635
1 22 1 4 6147
2 1 1 4 6403
0 12 0 0 2052
1 2 1 0 2820
0 22 0 0 4100
0 25 0 0 5892
1 20 0 0 6148
0 19 0 0 7940
0 19 0 1 1540
1 25 0 1 1796
0 0 1 1 3588
1 17 1 1 4100
2 0 1 1 4356
0 18 0 1 5380
1 16 0 1 7428
0 25 0 2 1284
1 19 0 2 3076
0 0 1 2 6916
1 18 1 2 7428
0 21 0 3 772
0 21 0 4 260
1 18 1 4 772
0 27 0 4 4100
1 16 0 4 6148
0 25 0 5 1540
0 13 1 5 5636
0 24 0 5 7428
0 21 0 6 1028
1 16 0 7 772
0 0 1 0 4101
1 14 1 0 4357
1 13 0 0 4869
0 16 0 0 7941
0 16 0 1 5381
1 19 0 1 5637
0 29 0 1 7429
1 26 0 2 1285
0 19 0 2 4869
1 9 0 2 6917
0 28 0 3 517
1 2 1 3 3077
0 28 0 3 4357
1 27 0 4 261
0 25 0 4 3845
1 27 0 4 5893
0 28 0 4 7941
1 29 0 5 1541
0 25 0 5 3589
0 29 0 5 5381
1 21 0 5 5637
0 10 0 5 7429
0 9 1 6 1285
1 2 1 6 1797
0 19 0 6 2053
0 24 0 6 4869
1 20 0 6 5125
0 25 0 6 6917
0 23 0 7 4357
0 17 0 0 6
1 28 0 0 4102
0 21 0 0 5894
1 16 0 0 7942
0 22 0 1 3334
1 24 0 1 3590
0 23 0 2 1030
1 29 0 3 3846
0 24 0 3 6406
1 26 0 4 1286
0 20 0 5 1030
1 29 0 5 4102
0 26 0 6 4102
1 22 0 7 774
0 13 0 7 7686
1 23 1 3 534
0 1 1 3 790
1 24 1 3 1302
1 25 1 3 2070
1 26 1 3 2838
1 27 1 3 3606
1 28 1 3 4374
1 29 1 3 4886
2 3 1 3 5142
2 2 1 3 5910
2 2 1 3 6422
2 3 1 3 7190
1 1 1 4 7190
0 9 1 4 7446
1 2 1 4 7958
0 10 1 5 22
1 3 1 5 534
0 11 1 5 790
0 12 1 5 1558
0 13 1 5 2326
0 14 1 5 3094
0 15 1 5 3862
0 16 1 5 4374
0 17 1 5 5142
0 18 1 5 5910
0 19 1 5 6678
0 20 1 5 7446
0 21 1 6 22
0 22 1 6 790
0 23 1 6 1558
0 24 1 6 2326
1 1 1 6 2582
0 25 1 6 3094
1 2 1 6 3350
0 26 1 6 3862
0 27 1 6 4630
0 28 1 6 5398
0 29 1 6 6166
1 10 1 7 4630
2 1 1 7 5142
1 11 1 7 5398
2 2 1 7 5910
1 12 1 7 6166
2 3 1 7 6678
1 13 1 7 6934
0 2 1 7 7446
1 14 1 7 7702
0 2 1 0 23
1 15 1 0 279
1 16 1 0 1047
1 16 1 0 1815
1 17 1 0 2583
1 18 1 0 3351
1 19 1 0 4119
2 0 1 0 4375
1 20 1 0 4887
2 1 1 0 5143
1 21 1 0 5655
1 22 1 0 6423
12 20 1 1 4891
